1.295058343096453846e+08 7.616039315535846353e+07 4.496283648815713823e+07 2.648883045490882546e+07 1.562668846102876030e+07 9.367682713224772364e+06 5.645142926137587987e+06 3.110072758115929551e+06 1.915115677528783912e+06 1.023202348152785329e+06 5.369213614224828780e+05 2.416219648668684240e+05 1.269148335675838753e+05 5.850013086653400387e+04 6.452222349025500080e+03
7.616039315535846353e+07 4.581807002271008492e+07 2.673312660169028863e+07 1.570741633226013742e+07 9.264999467251360416e+06 5.556199458917381242e+06 3.360774125466662925e+06 1.849742759257156868e+06 1.138885677674302598e+06 6.111352595616615145e+05 3.151879615657100221e+05 1.438197629451495886e+05 7.559338109152570541e+04 3.405590879324168782e+04 3.876487115168873515e+03
4.496283648815713823e+07 2.673312660169028863e+07 1.618715422640049271e+07 9.316166463455740362e+06 5.509377277446331456e+06 3.284072066268015187e+06 1.986784810903684003e+06 1.095056498466191115e+06 6.738253724211872322e+05 3.637180345357117476e+05 1.879773252093822230e+05 8.344912747730100818e+04 4.526277763948543725e+04 2.063482489726952917e+04 2.078356746489175748e+03
2.648883045490882546e+07 1.570741633226013742e+07 9.316166463455740362e+06 5.725022749637382105e+06 3.257683869286900386e+06 1.940155581634555012e+06 1.175808406861181837e+06 6.496557002768772654e+05 3.977931118829951738e+05 2.126250366994672222e+05 1.102436640791065001e+05 5.016267848239085288e+04 2.631753842854560571e+04 1.179975873254195903e+04 1.381092750104437982e+03
1.562668846102876030e+07 9.264999467251360416e+06 5.509377277446331456e+06 3.257683869286900386e+06 2.050914279035617597e+06 1.147368782441888703e+06 6.952858235684022075e+05 3.848161184431836009e+05 2.357627990701693343e+05 1.265634368740994832e+05 6.530058913683962601e+04 2.881022692162037856e+04 1.554945417641717904e+04 7.333266033754767705e+03 9.234317576909227228e+02
9.367682713224772364e+06 5.556199458917381242e+06 3.284072066268015187e+06 1.940155581634555012e+06 1.147368782441888703e+06 7.530406925830906257e+05 4.190411560004514176e+05 2.307487947426542814e+05 1.419800680297560175e+05 7.624027273179678014e+04 3.897654092929951730e+04 1.777298291596586569e+04 8.992404777861482216e+03 4.248893532117174800e+03 4.902883184423869807e+02
5.645142926137587987e+06 3.360774125466662925e+06 1.986784810903684003e+06 1.175808406861181837e+06 6.952858235684022075e+05 4.190411560004514176e+05 2.844152166696503991e+05 1.411537378609836451e+05 8.766623681740916800e+04 4.785962847874994623e+04 2.394208478061803908e+04 1.100624020281765661e+04 5.559402238808759648e+03 2.697295552636440334e+03 3.587986259243697305e+02
3.110072758115929551e+06 1.849742759257156868e+06 1.095056498466191115e+06 6.496557002768772654e+05 3.848161184431836009e+05 2.307487947426542814e+05 1.411537378609836451e+05 9.597729322420860990e+04 4.892059696462281863e+04 2.648853385212150170e+04 1.338267227836853453e+04 5.855095224053113270e+03 2.896771259301206101e+03 1.274032375795093230e+03 1.880188877953079327e+02
1.915115677528783912e+06 1.138885677674302598e+06 6.738253724211872322e+05 3.977931118829951738e+05 2.357627990701693343e+05 1.419800680297560175e+05 8.766623681740916800e+04 4.892059696462281863e+04 3.805852091558869142e+04 1.636310596236945639e+04 8.296940774583112216e+03 3.789161959398068575e+03 1.903114280352761853e+03 7.546324041344602165e+02 1.221014931774889618e+02
1.023202348152785329e+06 6.111352595616615145e+05 3.637180345357117476e+05 2.126250366994672222e+05 1.265634368740994832e+05 7.624027273179678014e+04 4.785962847874994623e+04 2.648853385212150170e+04 1.636310596236945639e+04 1.377798645072585350e+04 4.532115976884228076e+03 2.327410694658812190e+03 1.138230935083744271e+03 4.446492775379962268e+02 7.634480566480648633e+01
5.369213614224828780e+05 3.151879615657100221e+05 1.879773252093822230e+05 1.102436640791065001e+05 6.530058913683962601e+04 3.897654092929951730e+04 2.394208478061803908e+04 1.338267227836853453e+04 8.296940774583112216e+03 4.532115976884228076e+03 4.317675621646596483e+03 1.149630891425813616e+03 5.961800697760804724e+02 2.809812768792990028e+02 2.228618916134598038e+01
2.416219648668684240e+05 1.438197629451495886e+05 8.344912747730100818e+04 5.016267848239085288e+04 2.881022692162037856e+04 1.777298291596586569e+04 1.100624020281765661e+04 5.855095224053113270e+03 3.789161959398068575e+03 2.327410694658812190e+03 1.149630891425813616e+03 1.325163552529316348e+03 3.119007663114116440e+02 9.022318388793030408e+01 2.717636651207698151e+01
1.269148335675838753e+05 7.559338109152570541e+04 4.526277763948543725e+04 2.631753842854560571e+04 1.554945417641717904e+04 8.992404777861482216e+03 5.559402238808759648e+03 2.896771259301206101e+03 1.903114280352761853e+03 1.138230935083744271e+03 5.961800697760804724e+02 3.119007663114116440e+02 4.956196705741917299e+02 7.607617924257439768e+01 5.368606891058395725e+00
5.850013086653400387e+04 3.405590879324168782e+04 2.063482489726952917e+04 1.179975873254195903e+04 7.333266033754767705e+03 4.248893532117174800e+03 2.697295552636440334e+03 1.274032375795093230e+03 7.546324041344602165e+02 4.446492775379962268e+02 2.809812768792990028e+02 9.022318388793030408e+01 7.607617924257439768e+01 1.318877302093665094e+02 5.682331179797870391e+00
6.452222349025500080e+03 3.876487115168873515e+03 2.078356746489175748e+03 1.381092750104437982e+03 9.234317576909227228e+02 4.902883184423869807e+02 3.587986259243697305e+02 1.880188877953079327e+02 1.221014931774889618e+02 7.634480566480648633e+01 2.228618916134598038e+01 2.717636651207698151e+01 5.368606891058395725e+00 5.682331179797870391e+00 2.145089824257719258e+01
