-1.626649133235664735e-01 -3.349812982582764387e-01 -2.010614110601445237e+00 -3.833552596822880631e-01 -7.964886595113185308e-02 9.310690893030347803e-01 -1.220580771108198542e-01
1.649958864719819340e-01 -9.043485126595868229e-01 -2.037817737469743484e+00 -5.322059272171720812e-01 9.716009519850341003e-02 8.563122178443461907e-01 -8.319025747591350661e-02
-4.468230887794896744e-01 3.092254118234669114e-01 -2.183338056993481047e+00 -2.985062180740735149e-01 -1.949630299900190766e-01 1.002561298562822500e+00 -1.580440579734861961e-01
-5.261252856200325789e-01 -3.240994142062830763e-01 -2.532345490456321180e+00 -3.353350601506469020e-01 -1.409221711445523828e-01 9.591163561477589194e-01 -1.461952808106699864e-01
-3.747733855282493476e-01 8.451951891374508141e-02 -2.092975896073216990e+00 -3.275005981078215611e-01 -1.246770922554468475e-01 9.617001425030684558e-01 -1.354462203940007270e-01
1.356024109083202311e-01 -8.361854084614563920e-01 -1.965119633875397787e+00 -5.785859150897317837e-01 1.538730407794855481e-01 8.211019653570221788e-01 -7.684462896164150070e-02
-2.297222264803588376e-01 3.367125175337504772e-01 -1.964715793688511347e+00 -3.291719813371180581e-01 -1.355733863588242383e-01 9.905689092728999778e-01 -1.434825748124226585e-01
-7.806766116846178272e-02 -6.329031485039569027e-01 -1.950945130951003748e+00 -4.006409712248188426e-01 -3.999200827962773319e-02 9.014980706748911832e-01 -1.162305583101525819e-01
-1.982192789507553066e-02 -9.309442880316863844e-01 -2.009579661625735092e+00 -5.491054361579396081e-01 1.078854712307804747e-01 8.407339948365277760e-01 -8.578208415495464090e-02
-6.321835769245788550e-02 -7.162807200612372194e-01 -2.081042471374019431e+00 -3.984496891308377253e-01 -4.712824735682125121e-02 9.039299213140411515e-01 -1.249594545960537179e-01
1.404458688598510946e-02 -5.903540667063439384e-01 -1.831149429295126030e+00 -5.376935432497396139e-01 1.322545833059975695e-01 8.269847369053437980e-01 -8.305641338888693215e-02
-3.856098242936913389e-01 -2.972392911632018575e-01 -2.156031878364134347e+00 -3.734437774562625600e-01 -5.931005275134464128e-02 9.233425485737880578e-01 -1.143035484955748360e-01
-6.388426070419284120e-02 -4.872562874728184612e-01 -1.868367502525164703e+00 -4.032416925026421350e-01 -3.147862645152527811e-02 9.008361717237040045e-01 -1.130211780833949853e-01
1.234128658183489824e-01 -8.163587596078853981e-01 -1.880733377263723360e+00 -5.100454926184632143e-01 9.142779243499882247e-02 8.484305022399587504e-01 -8.586900446761062955e-02
7.177743081033828576e-02 -8.673458915232368227e-01 -2.028491478728377206e+00 -5.063361108228903174e-01 6.886801987085149068e-02 8.633108213894127303e-01 -8.671133595016539131e-02
1.286444779544174966e-01 -8.773978875943436728e-01 -1.729279566073444352e+00 -5.672455159081516429e-01 1.577682936739426833e-01 8.114243067634706597e-01 -7.801612725607320886e-02
7.323862349943048577e-02 -9.460547407958870281e-01 -1.828913498794742187e+00 -5.164854911438654383e-01 9.550305806282638477e-02 8.397046797908956917e-01 -9.138484424896493874e-02
-9.956582167228273609e-04 -9.154686009449430895e-01 -1.947557660582656114e+00 -5.650998564138770552e-01 1.558343887865681066e-01 8.240718688529818925e-01 -7.858543110140087107e-02
-8.473568968228709086e-02 -9.266369177351040376e-01 -1.968391075436062732e+00 -4.840804330773109676e-01 7.412867109745799321e-02 8.482409301883699904e-01 -1.017517686460802512e-01
2.133631904479456054e-01 -9.245594295208494628e-01 -1.894128479899009010e+00 -5.025792268008573149e-01 8.970342589495861052e-02 8.482379223945554214e-01 -9.040158253948608891e-02
-4.451573860179346143e-02 -5.924211330987816382e-01 -2.039320147763411306e+00 -4.621791250544383667e-01 1.969164809283946785e-02 8.770365813655991438e-01 -9.997950444080906662e-02
-1.487728711734378484e-01 -7.996599360376699384e-01 -2.346045033556753534e+00 -4.095327133487428051e-01 -3.507174434870024421e-02 9.153754339454287514e-01 -1.171045857936152956e-01
-2.534903382781691916e-01 -5.963514715393268828e-01 -2.066576851359860800e+00 -4.732065335880569212e-01 4.141922183194436669e-02 8.721777520483553481e-01 -9.345199727798891853e-02
-3.097578593343870423e-01 1.539731802934815486e+00 -2.216161593253693329e+00 -3.150105389456913096e-01 -2.388507171029640164e-01 1.135466421027574890e+00 -2.124537888224073412e-01
-3.692813594559647417e-01 -4.740454784590747428e-02 -2.135902913617203858e+00 -3.662718132344912059e-01 -1.158069778942372868e-01 9.468837856444924928e-01 -1.388028496009251767e-01
-1.764646409785056436e-01 -6.070614676398241594e-01 -2.060556435789999252e+00 -4.408763608852329652e-01 6.778887551210566707e-03 8.803086070109762407e-01 -1.072465455034553733e-01
1.471709002495018570e-01 -7.078291497548337974e-01 -1.736714516939533715e+00 -4.884674107286072764e-01 9.372661015738129042e-02 8.447167555236617664e-01 -8.475113785879190287e-02
-9.472151466056073776e-03 -7.829123143262439743e-01 -1.960985104208269103e+00 -4.470744920703187963e-01 3.220759734854446166e-02 8.639310443591000643e-01 -1.075603334825895041e-01
7.737678142990375707e-02 -8.303190270135909490e-01 -1.932901011515281597e+00 -6.004686884316068340e-01 1.723417036280620041e-01 8.200313946071919879e-01 -7.254723898590322018e-02
-1.027165162104915624e-01 -8.191629954408023995e-01 -1.978736063163799797e+00 -5.466489934274447737e-01 1.238664131236657667e-01 8.305648567656634951e-01 -8.038290082271075387e-02
1.658015233325143833e-01 -8.986530670143042521e-01 -1.924505832647239512e+00 -5.614324049811942885e-01 1.282589382251050347e-01 8.327685108109317280e-01 -8.228762564876734853e-02
-2.118523458233736723e-01 -9.157500263996403156e-01 -1.876760157876855573e+00 -6.018397663863542801e-01 1.754670047665829458e-01 8.142254459072606476e-01 -7.425993658795977670e-02
-1.649984343866731790e-02 -6.641612639206951885e-01 -1.951060511545787302e+00 -4.392714134652881963e-01 5.987190105614722570e-03 8.840422596921887477e-01 -1.131999535048404670e-01
-2.551468007162637219e-01 -4.883606870838540503e-01 -2.115484798261981325e+00 -4.014778315910895179e-01 -4.178788287175094762e-02 9.110238524684510786e-01 -1.134581107249165860e-01
-5.857849239682109965e-02 -5.724702187722526814e-01 -2.057632347390628169e+00 -4.729911393693051469e-01 3.504839015779797479e-02 8.726282976168747707e-01 -9.563908968742441952e-02
-5.264242635360463218e-01 6.388139501055075664e-01 -2.224264113342988125e+00 -2.435810816047208338e-01 -2.708704666028255437e-01 1.060516805716452016e+00 -1.803351346053644333e-01
-1.311023294102907633e-01 -6.879080499684565586e-01 -1.918196974842102831e+00 -5.068253700952051188e-01 7.322668371696121337e-02 8.576618647987447330e-01 -8.799885084218384002e-02
-3.028322616758541419e-01 -5.560217378271452571e-01 -2.294019472892746769e+00 -3.876975195131164842e-01 -4.848800008075052764e-02 9.153132754652182346e-01 -1.219223696142049534e-01
-6.664291236180985845e-02 -6.778615590570519212e-01 -2.037155503177018101e+00 -4.437233439060926932e-01 1.892009224030306858e-02 8.772078795556826902e-01 -1.079635935493112459e-01
-1.440044462758185428e-01 -5.810188888846973265e-01 -1.946622418981196034e+00 -4.424988623121746678e-01 1.048133845437754924e-02 8.744138585810978803e-01 -1.091378781968587175e-01
