2.999268353642680490e-02 2.372961448365450837e-02 3.748986015500125214e-03 1.659727930955018046e-04 6.976683456223425699e-05 8.260400424967110443e-06 1.682108512326422061e-06
9.474545681708193556e-02 1.395379471603122069e-02 3.093066783774533774e-03 1.387110896513197276e-04 7.102424418193276046e-05 6.004929613897142196e-06 1.725940240094216248e-06
3.934856287164290034e-02 3.171532264990595956e-02 4.178353595395739757e-03 3.866725460481875288e-04 2.652515083559149113e-04 1.937131765976047649e-05 3.055180219460392813e-06
4.891334503038761300e-02 1.627815592507815892e-02 6.078409604981790254e-03 2.762400290732688283e-04 1.435840354419009191e-04 1.325339872617903212e-05 2.370167353878360283e-06
5.191319957093212811e-02 2.768173925477215164e-02 3.837643984078458435e-03 2.618354578838462659e-04 2.149980148546119969e-04 1.477391987742949834e-05 2.359299486910413086e-06
1.688851757679526722e-01 1.405415232096210443e-02 3.070520311446907954e-03 1.455995975702856530e-04 6.462126781847080028e-05 5.517548166619382389e-06 1.789875260824529448e-06
3.753366980048200574e-02 4.869473375422945366e-02 4.257937150125321729e-03 4.260596301345561960e-04 7.352921420188360561e-04 5.327552420411588619e-05 8.749594656003963414e-06
4.187457786250218389e-02 2.551594658693389847e-02 4.015377810540888409e-03 1.545559574389658781e-04 5.508450640989340620e-05 7.563990531003371593e-06 1.534584498885362226e-06
1.070061757704784816e-01 1.356004832770011694e-02 3.801152536129270669e-03 1.395307250548406981e-04 8.777029731023930240e-05 5.819234046739214291e-06 1.808433248879377778e-06
4.432067364936814746e-02 2.417858391331403206e-02 4.924557774613999225e-03 1.762900697902385918e-04 5.444441219744262396e-05 7.696267895137087639e-06 1.552002998482436082e-06
2.025464883714701569e-01 3.369573684985048556e-02 4.591206980334986386e-03 1.651177058316149148e-04 2.657317986757761841e-04 1.773262196769820928e-05 2.641498220211994914e-06
6.151244527890232378e-02 1.369122258061519250e-02 4.126401745407712145e-03 1.624253387799065574e-04 5.198308655388115504e-05 6.772349315971352609e-06 1.631882616175526441e-06
3.441958962668311556e-02 3.047903466309991038e-02 4.181598109717368783e-03 1.705168817622939367e-04 1.048448472108930618e-04 1.083828228252164773e-05 1.777320820715738016e-06
9.627372707370408789e-02 1.963322138904578101e-02 3.756900715122603578e-03 1.454306425735050069e-04 6.427883862272400900e-05 7.022363493690007772e-06 1.790957155842435035e-06
8.279199836454313732e-02 1.218172769759641796e-02 3.247063948931999504e-03 1.309320742928824736e-04 5.846820799801869396e-05 5.768967868286517435e-06 1.479506516696727698e-06
1.722533440749671185e-01 2.418141875762272464e-02 4.093443093256751708e-03 1.897766785802664478e-04 1.742235400316888435e-04 1.661380854800468765e-05 2.615465073895355358e-06
9.499370551228331072e-02 2.114042929105936636e-02 4.186849208317247432e-03 1.575475015078121811e-04 7.428638468296988584e-05 8.067442342587008769e-06 1.459145990770818298e-06
2.484262457853384509e-01 1.633916201739958607e-02 3.988743000357793111e-03 1.730169595514957810e-04 1.140196240219718254e-04 6.325963380660505083e-06 2.331869323015410773e-06
1.073852280319725627e-01 2.188227077263191211e-02 4.818113622984587265e-03 1.842762551806561015e-04 1.163638381776082090e-04 8.214647736206737483e-06 1.757421161742123363e-06
1.115568231438954089e-01 2.352071997928514499e-02 4.323656191972368064e-03 1.785128725607430615e-04 7.141378163776436244e-05 7.673399855138412899e-06 1.837105458605715860e-06
5.313481004647389178e-02 1.729123334298328374e-02 3.484932888498807561e-03 1.286807087015359274e-04 4.400101211035773450e-05 5.735964816273110599e-06 1.333313923816158182e-06
4.842671499590515266e-02 1.455842968999633905e-02 4.242826516720836147e-03 1.570442104064908239e-04 1.137990911170934025e-04 8.753051678840113897e-06 1.837087649029822908e-06
7.717724672276872477e-02 1.217622499660505828e-02 3.401429562719565040e-03 1.376629425608832231e-04 5.230154938166754503e-05 5.830963072360180044e-06 1.572632424613640721e-06
7.097120685599141166e-02 1.028035552184497353e-01 5.422375888109242509e-03 1.155474232182249639e-03 3.563347522304428569e-03 2.430514675258499445e-04 5.167413004966393630e-05
5.811394583544064740e-02 2.871731745587920159e-02 5.025986117779436893e-03 3.270033345187891606e-04 1.284742420535252034e-04 1.525737508163645669e-05 2.431184135852508440e-06
6.565371697510996585e-02 1.686978124689744382e-02 3.969589153030868289e-03 1.473592191423943722e-04 5.570342897833642628e-05 6.352612258547264768e-06 1.510372878486296070e-06
9.889694031941995145e-02 2.844857489129664838e-02 4.173988230251697053e-03 1.641848814261066076e-04 2.310879613264014228e-04 1.577073874947664778e-05 2.596016200098953467e-06
8.006308070335746430e-02 2.640653869283307933e-02 4.833575615565710061e-03 1.927494756557470562e-04 7.099389604337880740e-05 9.291897455287183671e-06 1.671917075462482354e-06
1.951712009228469547e-01 1.291557317327194331e-02 3.301000775932227006e-03 1.472351205590107003e-04 6.760405337526457451e-05 5.805272010376684056e-06 2.134943890478637838e-06
1.400657681824938883e-01 1.231937966950160529e-02 3.695988174622318219e-03 1.348047330804352014e-04 7.431494406231918461e-05 5.877493598580879014e-06 1.908797729106138694e-06
1.107050403502286839e-01 1.699840043345817245e-02 3.640357098845359730e-03 1.497586220120291484e-04 5.579318664321252191e-05 5.786381846606471980e-06 1.531458669191815236e-06
1.443225810911653861e-01 1.171150061267246974e-02 3.676458197380657461e-03 1.454283227080020485e-04 9.726783202162003305e-05 7.059147656569716867e-06 2.275121540518561016e-06
5.483911522940326105e-02 3.275682736879649559e-02 5.308133393714414838e-03 2.216014654188897968e-04 7.366835909033205444e-05 1.114471421664076359e-05 1.995958983247362000e-06
5.128510888676150042e-02 1.606612462948417072e-02 3.865670860326357334e-03 1.574262264525868595e-04 5.047563846905186606e-05 6.272057453005364452e-06 1.535827115339557058e-06
6.245566230336532104e-02 1.532780577713646619e-02 3.316859412024922554e-03 1.301360005314578959e-04 4.371739222965514922e-05 5.407163381907911451e-06 1.360990277182225545e-06
4.783533819692410705e-02 3.697455245352510023e-02 4.173850622424860567e-03 5.189906042160572766e-04 5.754766745089841522e-04 3.009701141209039567e-05 5.133871549809185940e-06
7.286948237876403334e-02 1.424841796255971703e-02 3.034670859430398538e-03 1.256147346132571816e-04 5.040307574620200653e-05 6.098165372137865278e-06 1.424731332732682905e-06
5.712068023975629821e-02 1.605383934618432804e-02 5.052180198632618031e-03 1.834515005898486827e-04 9.179318680653296371e-05 8.337377585068973367e-06 1.814097157777307401e-06
6.020856821989548774e-02 2.360872840327666797e-02 4.499519886208744844e-03 1.848373813249285077e-04 5.566404811453105748e-05 8.126991527125168325e-06 1.562333760824883163e-06
7.090280874424610691e-02 2.181505567924028888e-02 3.924677978376212191e-03 1.667524297437913256e-04 7.119293556379987121e-05 8.886661008622003384e-06 1.571239616301619131e-06
