-1.577699765520806929e-01 -3.391982194221333513e-01 -2.010436622079631697e+00 -3.832216444085126406e-01 -8.043402737202902386e-02 9.309690038701949888e-01 -1.220988264073915031e-01
1.888185184552274021e-01 -9.046919132424986465e-01 -2.037437636878955516e+00 -5.321983680282161844e-01 9.653223964680353320e-02 8.562837173521435918e-01 -8.321643481532610409e-02
-4.460367940450598034e-01 2.965227891537411953e-01 -2.182568663910715134e+00 -2.979508223038244141e-01 -1.980230806469598648e-01 1.002096140118749146e+00 -1.581611253301509756e-01
-5.245205158111172494e-01 -3.244053543988518751e-01 -2.531864262788872111e+00 -3.353923696252939513e-01 -1.416120515403374025e-01 9.591043114082061782e-01 -1.462076158375732182e-01
-3.731382757351884294e-01 7.303843912439823838e-02 -2.092775419918364577e+00 -3.272306355799267097e-01 -1.275360500452227819e-01 9.613524166252206404e-01 -1.355183179430871632e-01
1.957241606557919567e-01 -8.400867497558824892e-01 -1.964922247642695963e+00 -5.786583673166766362e-01 1.531385559404934704e-01 8.211087806566854663e-01 -7.690447489507480638e-02
-2.297334518250032376e-01 3.194389071427382598e-01 -1.964528941307548182e+00 -3.285475906518804390e-01 -1.405179824581110903e-01 9.895613506072088450e-01 -1.438791050766158042e-01
-7.644295419414470771e-02 -6.338677259031511024e-01 -1.950733156267508317e+00 -4.006750087835154184e-01 -4.017458264691269043e-02 9.014080828658914690e-01 -1.162412785986103314e-01
-4.767849145046185871e-02 -9.312185165984198099e-01 -2.008503692597361834e+00 -5.490478958626558992e-01 1.068602831490858829e-01 8.407234056909949071e-01 -8.582432770156951662e-02
-6.174493489523964762e-02 -7.155725772652403727e-01 -2.081265424775265771e+00 -3.985275237452450270e-01 -4.738398609457059041e-02 9.039031163877703223e-01 -1.249586944221022511e-01
8.128422749995048435e-02 -6.160118715554128155e-01 -1.831561246793935727e+00 -5.380122025865466950e-01 1.287304086542505610e-01 8.266107415720819196e-01 -8.320017900989959414e-02
-3.863814088852729478e-01 -2.994383413740073774e-01 -2.155184324039891131e+00 -3.734925899143619610e-01 -5.947115532124622184e-02 9.233156653644079004e-01 -1.143204656270680186e-01
-6.046698504951551062e-02 -4.899420164953930956e-01 -1.869150575923452795e+00 -4.031386733667979838e-01 -3.256912669773695534e-02 9.006388178215596341e-01 -1.130643869241328009e-01
1.473700950138899790e-01 -8.202356972223602272e-01 -1.881263616352585100e+00 -5.100679886723710199e-01 9.107390134190476716e-02 8.484214147788089466e-01 -8.591758903578758377e-02
7.469104372397969427e-02 -8.683291264604517945e-01 -2.027566813890180786e+00 -5.062972217256920260e-01 6.837145448279180471e-02 8.632752461637707153e-01 -8.674469769449640044e-02
1.506577684360155267e-01 -8.892661124988341381e-01 -1.729349382532112678e+00 -5.675543923687529357e-01 1.562993511112693024e-01 8.113375772853088641e-01 -7.813393575807379976e-02
6.078521565873628435e-02 -9.502595409574607910e-01 -1.829381092252336360e+00 -5.167586606237947189e-01 9.524006259703493571e-02 8.395877919316527827e-01 -9.140799943584815290e-02
-1.345815340826339024e-01 -9.194639700535583993e-01 -1.947787993409236806e+00 -5.653950884681628875e-01 1.545492582396727488e-01 8.240599566384897434e-01 -7.865323163427716258e-02
-1.193873843878320851e-01 -9.275790901677974931e-01 -1.968452183163380775e+00 -4.840990775846513161e-01 7.302567242155431904e-02 8.482105592816410189e-01 -1.017621201492125149e-01
2.468768737913369926e-01 -9.276704899104017965e-01 -1.895307596892180424e+00 -5.027840383715951322e-01 8.942180178825986925e-02 8.481889030438252153e-01 -9.044675777298147312e-02
-3.691472587407261530e-02 -5.959889383367138471e-01 -2.039591809781114762e+00 -4.622504185727593917e-01 1.949135699748578282e-02 8.770161632840820509e-01 -9.998967026622095078e-02
-1.469646094243318712e-01 -7.989317348591449264e-01 -2.346145132098707897e+00 -4.094888821331337247e-01 -3.566360751924395334e-02 9.153423694378080011e-01 -1.171432670461567682e-01
-2.690878732935834128e-01 -5.971962983562875138e-01 -2.065692876095892583e+00 -4.733154972390202220e-01 4.103251506492144873e-02 8.721552322217528408e-01 -9.349009916097963946e-02
-3.118788106511345415e-01 1.521894990448209750e+00 -2.213647365776487241e+00 -3.157982654308750803e-01 -2.466415951216308911e-01 1.133719794822674265e+00 -2.132534151637009157e-01
-3.659773759092332934e-01 -5.976640659685374807e-02 -2.136191814924234045e+00 -3.659949058089793650e-01 -1.173874018892758775e-01 9.466174090632655247e-01 -1.388503854478666255e-01
-1.783807879960102039e-01 -6.087425207985867059e-01 -2.060095708204045195e+00 -4.409800256967711385e-01 6.392423528012263628e-03 8.803119281605183977e-01 -1.072508548828377956e-01
1.907661614150355234e-01 -7.169568882748410532e-01 -1.737157485592777828e+00 -4.886183270300293868e-01 9.204281916463286084e-02 8.447085775982008382e-01 -8.488940086563763476e-02
-8.517916801109031918e-03 -7.855530545747533289e-01 -1.961312865947097528e+00 -4.471476509296148372e-01 3.186984353939498887e-02 8.638428903433403860e-01 -1.075671980304782061e-01
9.744423003250325677e-02 -8.336428811611497069e-01 -1.933186014798974117e+00 -6.005760587337571899e-01 1.716307244751890948e-01 8.200423211611138630e-01 -7.260958104499107280e-02
-1.569158094325227015e-01 -8.183457044085513665e-01 -1.977269425312334183e+00 -5.467620021534119745e-01 1.230627372518077745e-01 8.305730701912701353e-01 -8.045581039353839892e-02
1.986747584624528329e-01 -8.998242747606053360e-01 -1.924273536232647963e+00 -5.615229642209947913e-01 1.278022837283751545e-01 8.327266850301402457e-01 -8.231055453845434466e-02
-3.099309235850688515e-01 -9.165548622156458602e-01 -1.876082276713593178e+00 -6.020503757677855283e-01 1.747106371425762306e-01 8.141802045424753054e-01 -7.432110961983773301e-02
-1.148134855901644484e-02 -6.677517937019060712e-01 -1.951733709386772819e+00 -4.391856463590957382e-01 5.620807865185031491e-03 8.839289490581619946e-01 -1.132171677386729497e-01
-2.532149149866333437e-01 -4.903803514369643457e-01 -2.115210592315366789e+00 -4.016413892396354934e-01 -4.199288435614721010e-02 9.110177155623648826e-01 -1.134608114013786473e-01
-4.744225970595526698e-02 -5.749102657910087899e-01 -2.057506344548095445e+00 -4.730932256614718834e-01 3.481537587645224668e-02 8.726060293508460797e-01 -9.565037032081538659e-02
-5.259540347851584530e-01 6.232795724686035488e-01 -2.223366823618075472e+00 -2.433915713649474344e-01 -2.752230169979372199e-01 1.059749563913128245e+00 -1.805564146789779278e-01
-1.458571515775143046e-01 -6.892663758950317021e-01 -1.917838940343056020e+00 -5.069394429139112423e-01 7.291403200861237832e-02 8.576358962155803400e-01 -8.801925375523746153e-02
-3.034289942947284713e-01 -5.557739389203996128e-01 -2.292992840688434342e+00 -3.876998619971678273e-01 -4.912820730351588616e-02 9.153309090052431651e-01 -1.219416834809147199e-01
-6.185228772432085215e-02 -6.800426118318065871e-01 -2.037298615204952146e+00 -4.436159849653963372e-01 1.860268950482411518e-02 8.772084239876855039e-01 -1.079813987250118346e-01
-1.470442901533977886e-01 -5.871198958264099987e-01 -1.946935971212047090e+00 -4.424727518087287481e-01 9.892791986440135910e-03 8.742629862410812303e-01 -1.091527244952846948e-01
