1.792349552933101497e+00 3.088546488981572247e-01 2.496140555620038060e-01 4.261651083859917533e-01 9.105365482793302545e-02 1.260399623611591080e+00 2.609651908632683592e-01
2.077220786315653989e+00 -1.855450960693871554e-01 3.241582847940202572e-02 4.168344766776892474e-01 1.455721899147890130e-01 1.216118169872559385e+00 -7.921321758676827529e-02
1.677505949879761316e+00 8.507612828805179994e-01 6.177606116503006062e-01 4.371369083516186138e-01 1.572930664130182607e-02 1.332775535437998204e+00 5.783578846537100748e-01
2.231560104570884828e+00 6.747406049630902958e-01 2.056100672828913012e-01 4.199805349955660350e-01 1.587754166225421038e-01 1.390004611131704371e+00 5.086756316585727689e-01
1.696983699925548983e+00 6.833598583026680995e-01 4.750414881612721740e-01 4.296398969462336126e-01 6.003754524319105529e-02 1.279541846409343986e+00 4.429160446921917016e-01
2.008805276833872444e+00 -1.215961453769319189e-01 5.852857205264850454e-02 4.041840608144065539e-01 1.285734589814537809e-01 1.166752397171582745e+00 -1.511191125035535876e-01
1.488852076946341363e+00 6.638552143594199650e-01 7.025413688388657540e-01 4.402885785030261068e-01 -1.383935639615231639e-02 1.270642809217757963e+00 4.434305418632680240e-01
1.856128255319213105e+00 9.411329731763154460e-02 6.065871020395564167e-02 4.123140068236799127e-01 1.393554638682778235e-01 1.237513705058288949e+00 1.477845865395303326e-01
2.067378298899189115e+00 -4.561105639344748691e-02 -8.973730340961996732e-02 4.080590871427265398e-01 1.665986108731751514e-01 1.203136832582180737e+00 -9.020399423805840200e-02
1.999243543333559581e+00 5.825526132457270467e-02 3.994995017450478358e-02 4.061620339661553003e-01 1.549152074392395606e-01 1.272970349946698887e+00 1.716512762378332724e-01
1.792810179927333936e+00 7.135264564796892084e-02 1.373520298980318022e-01 4.001321598218739450e-01 1.104572402856901642e-01 1.133102209705095342e+00 -8.966223858804807378e-02
1.910613512427224325e+00 5.365080231877924488e-01 2.092270393732663381e-01 4.244475059129961814e-01 1.382111815014889222e-01 1.269609924538376067e+00 3.217521904991082482e-01
1.733773015594034517e+00 1.430214592949679286e-01 1.562847463678565807e-01 4.146895956862344801e-01 1.101639673129107266e-01 1.211108252361642768e+00 1.426433448138616500e-01
1.902467578610711918e+00 -1.341357306899563784e-01 3.173871560885480059e-02 4.089093401887115564e-01 1.386190978195203372e-01 1.175255110640450962e+00 -8.196020030501829923e-02
2.046979498782315332e+00 -1.006491378107086526e-01 4.619220861487081595e-03 4.176420766485341995e-01 1.528748648057267623e-01 1.219955965669881293e+00 -2.970321756761094834e-02
1.812668072815814879e+00 -1.661353258945591771e-01 -4.620062771025118531e-02 3.966336111750036197e-01 1.381658251412266614e-01 1.117616149851479612e+00 -2.136147161074400669e-01
1.904085597488321513e+00 -1.573271914462908982e-01 -1.078117178679602606e-01 3.999905421121420779e-01 1.647840113655114069e-01 1.170258736948334599e+00 -1.189831403598745202e-01
2.018013657514415193e+00 -4.709609278967578916e-02 -7.829286743879923516e-02 4.017631747665414976e-01 1.747647940876380090e-01 1.169506882371530221e+00 -1.474252611077166153e-01
2.011480916083031367e+00 -6.577850412714384906e-03 -1.390900686575128054e-01 3.934371759557371839e-01 1.987592090342714946e-01 1.204574384584711000e+00 -2.794555778134782953e-02
1.950756743834619833e+00 -2.594280812195292607e-01 2.803989759753985965e-04 4.035958765409162763e-01 1.509074474114800446e-01 1.185225978316611473e+00 -1.001596428304223352e-01
1.943618618752277261e+00 1.164545808146180417e-01 1.451154648435142025e-01 4.146072162068913380e-01 1.191994194283538672e-01 1.223786482152052546e+00 9.445046967912769376e-02
2.266436857994002629e+00 1.315161088203167516e-01 1.065954613705169009e-02 4.175125872362626112e-01 1.956550981431914860e-01 1.330333473689971457e+00 2.197070165051206725e-01
1.973301395858189755e+00 2.978434006837066272e-01 4.816245753277473979e-02 4.164435082760885032e-01 1.552273048725867077e-01 1.220372916897559223e+00 1.009742236817635086e-01
1.253082074238032417e+00 1.330922877798490278e+00 1.604098579483005160e+00 4.704039584152572284e-01 -2.422179685280154149e-01 1.409855057629476605e+00 8.010960463514340546e-01
1.791243644873150354e+00 6.294281202706852874e-01 3.892683623391051118e-01 4.234056718370143302e-01 6.092663442880314612e-02 1.289979385431101244e+00 3.997702247868210601e-01
1.961116900030303034e+00 2.192685336806395047e-01 6.782117854712407801e-02 4.087359060982014847e-01 1.488875161378199752e-01 1.233667314029309958e+00 1.338050212527636118e-01
1.734001150541236047e+00 -1.239411215133043309e-01 8.354786355499642381e-02 4.052329787205127265e-01 1.253921344554212169e-01 1.135784492397646339e+00 -9.059360272030619887e-02
1.940734039310025860e+00 -1.382725156149742889e-02 -1.949677760624006191e-03 3.971626223251529253e-01 1.629491803576816056e-01 1.210376157751541504e+00 3.913589711318774672e-02
1.984007005643384280e+00 -6.786665027398541827e-02 2.706056400216929822e-02 4.081622427656575458e-01 1.314135303865103244e-01 1.158406819028231061e+00 -1.790535379047716313e-01
2.003364151057470011e+00 7.978090800818968265e-02 -5.363306597097444034e-02 4.055359727147155313e-01 1.652632407597458553e-01 1.177289224506810283e+00 -7.838555473568636911e-02
1.986194767126877148e+00 -1.906235372281222806e-01 1.281928825353540954e-02 4.062612289770101692e-01 1.330815121736041440e-01 1.176345805515149445e+00 -1.472289597163434216e-01
1.963679846479911451e+00 1.225012948155486531e-01 -1.998558713270677245e-01 4.036785657259156501e-01 1.859159682686918613e-01 1.149967062461226819e+00 -1.813211754540475229e-01
1.882425817201944795e+00 4.151850526015424259e-02 7.642984448643316830e-02 4.054433725299456670e-01 1.347152071455790245e-01 1.223255155996066934e+00 7.997584587721591476e-02
1.950189480487217075e+00 3.349106412721746806e-01 1.247506558838644836e-01 4.200629548585924633e-01 1.431388947384696075e-01 1.265102896101634400e+00 2.343647234586336836e-01
1.957229150598514877e+00 1.452428108401874196e-01 1.607083718551968743e-01 4.156273248129903619e-01 1.192835758235886584e-01 1.219501269585164582e+00 8.677810083842750488e-02
1.569680091527985599e+00 1.059967224041655998e+00 8.240265469450838154e-01 4.508327483295236360e-01 -3.060622168260672751e-02 1.381137542785378258e+00 7.397008962606771432e-01
1.885343785366575542e+00 1.431450062903831255e-01 4.654313755894549411e-03 4.144108228073021816e-01 1.442939161018907956e-01 1.185360859696849900e+00 -9.071787669170083487e-03
2.128424864358410051e+00 3.629986116612936575e-01 9.978305457950362167e-02 4.131926207229595360e-01 1.745046476798725321e-01 1.307742204729738011e+00 2.875006804344386602e-01
1.966475173312374869e+00 8.941982333897270652e-02 6.990892030094211784e-02 4.050539488014870404e-01 1.500615606908258515e-01 1.229859883717914659e+00 9.344917299648394793e-02
1.851880506900695389e+00 1.873223334494976688e-01 7.468390341622707651e-02 4.043346952543416806e-01 1.342794899397873887e-01 1.207728600080488324e+00 1.015725220154780478e-01
