2.129564190209325858e+00 2.723050117494064670e-01 1.030583349035203877e+00 2.615788704277006715e-01 4.399726014100137084e-01 1.116731634545981983e-01 1.302959111993434504e+00 2.951828692688652223e-01
2.194684737992135037e+00 -3.852294081129015724e-01 1.097383073034186252e+00 4.427409374643191953e-01 4.150761570141194845e-01 5.143505201495071621e-02 1.226919180640670071e+00 -2.670962122446612907e-02
2.558643756535373015e+00 1.250501443183103190e+00 8.947570841417861187e-01 3.226484907381373390e-01 5.092080875762863279e-01 1.847903955355038041e-01 1.446079502304960629e+00 7.354564717671789875e-01
3.027270716121900573e+00 6.698661894735935540e-01 8.760916976239090381e-01 3.432445093394428381e-01 5.358013928331315512e-01 1.352855575040935732e-01 1.472360497703339322e+00 5.997964914298199446e-01
1.851319844597769437e+00 5.409781444435083353e-01 1.204458021794550193e+00 3.814984940203028918e-01 3.971739241119742747e-01 9.903285480563768506e-02 1.308072073896561438e+00 4.455281027901654700e-01
2.244782483058723965e+00 -5.219225040114700009e-01 1.053545800092014817e+00 4.288990088196655281e-01 4.163663573788585204e-01 3.437614315665235565e-02 1.193160011740222348e+00 -1.396548697223200797e-01
1.968505193396993036e+00 5.876514287552450089e-01 1.001139483863511037e+00 4.288835157549008015e-01 4.484506781528359021e-01 8.590896524317229166e-02 1.331305506581240028e+00 4.933445279337936862e-01
2.024702248038756203e+00 1.151089282419646975e-01 9.950289750073758599e-01 2.999708901473137068e-01 4.391139408274050693e-01 8.259849686977216443e-02 1.244512611156024517e+00 1.857839730201970851e-01
2.699259128436995780e+00 -6.998526519097780785e-01 9.100969908430395217e-01 3.073352875003393381e-01 4.850707689265281175e-01 2.900170770337796161e-02 1.267594951913205259e+00 -7.495908549906700469e-02
2.757253134571381548e+00 3.535236966972353789e-01 8.695110409675007590e-01 2.319188959227477809e-01 5.055476462449454145e-01 1.282065446545478660e-01 1.354103679246767999e+00 3.151042996986974654e-01
1.712576418908440257e+00 -1.430419178110267364e-01 1.569827338503958281e+00 9.165304387416459142e-02 3.089872810746469023e-01 1.326362078239994580e-01 1.141132241957182103e+00 -1.244668059768177237e-01
2.389311893128757802e+00 3.195421428683734022e-01 9.504547078788651016e-01 3.584826179425473214e-01 4.739795450823094392e-01 1.091655318098916500e-01 1.321644350240644750e+00 3.532084771727739825e-01
1.602079156913795543e+00 9.125502009050634467e-02 1.649456602110880965e+00 3.012575119286122760e-01 3.145618507957170795e-01 1.057491259874160788e-01 1.210777786334050754e+00 1.559766833346415693e-01
2.104327243553184346e+00 -3.394090914542798876e-01 1.077968469916364969e+00 3.233122286629652731e-01 4.114189243855681521e-01 7.781753944810805568e-02 1.199019220705479949e+00 -5.338819848334423745e-02
2.521840976781382970e+00 -4.368927095955474904e-01 9.263357255530040302e-01 3.915484701488184949e-01 4.816324273777055076e-01 3.130344548384817599e-02 1.263876403760899159e+00 3.592315160497758925e-02
1.506081106575683171e+00 -2.460193914330666420e-01 2.202342365711721595e+00 2.329058178128869672e-01 2.503387878492016605e-01 1.254230592124363775e-01 1.100810606734142105e+00 -2.135889510655702428e-01
2.286666718344172011e+00 -4.104822087060021607e-01 9.271495189244624013e-01 3.418582125019679063e-01 4.541824334296857280e-01 3.808964920748719035e-02 1.199745824545707329e+00 -5.870283820992203833e-02
2.193018454791666461e+00 -5.790541257964115784e-01 1.058195178418223303e+00 4.523969096415636493e-01 4.108003358492665069e-01 3.516131658202956839e-02 1.186318270373540429e+00 -1.499027553091245579e-01
2.938186286556775606e+00 -6.145309441463987499e-01 7.845293560065811356e-01 3.416527421341175597e-01 5.375283568840856230e-01 5.003581839700734293e-03 1.273362051538809325e+00 3.429181108873006339e-02
2.362949631559467800e+00 -4.500729938687293430e-01 9.122652802055416510e-01 4.407552946650084014e-01 4.638957836651783073e-01 1.978213569077654985e-02 1.214160262424990089e+00 -1.566192461549022891e-02
1.924226646346670622e+00 5.152187813317517240e-02 1.318158967077952992e+00 1.641958942909456376e-01 3.576175145121905374e-01 1.311879969438002058e-01 1.232488590685535845e+00 1.007795804804216405e-01
2.716979842038923287e+00 1.380011883292689978e-01 9.248552334303623557e-01 2.760097116444182874e-01 4.910315423659198375e-01 1.185812279608372405e-01 1.368597693045899621e+00 3.031484802453295324e-01
2.288089242342328244e+00 3.607060834039483854e-01 1.054112609932017497e+00 1.091182799444932461e-01 4.292480711145459371e-01 1.711781976565786567e-01 1.267905488760864063e+00 1.635098785291000389e-01
3.001592127032747470e+00 1.697285727037002978e+00 7.527297074405191468e-01 4.797392515236764687e-01 6.009898128246647930e-01 1.705097756802883280e-01 1.605218514494877846e+00 1.059871439525097880e+00
2.260383639533530609e+00 6.986687938617962557e-01 1.005038666467085617e+00 2.343244622326572379e-01 4.446639815439292764e-01 1.484065264998728761e-01 1.350749727816874524e+00 4.513121539390966275e-01
2.653830692606161890e+00 -1.304987894821167393e-01 8.663100135693097004e-01 3.875323798547732346e-01 4.998234641257442434e-01 5.041146665828238893e-02 1.297308115193388511e+00 1.994733256874488825e-01
1.410656136893536416e+00 -1.342142741808768913e-01 2.618407642178565808e+00 3.058065106463827010e-01 2.344072024858915027e-01 1.272854401046209227e-01 1.119143304457456356e+00 -8.456949441618558105e-02
2.817059711539839029e+00 -3.824148232885345999e-01 8.083549561615090973e-01 3.230231999987959735e-01 5.219628173321928521e-01 3.938861073397433715e-02 1.283444644458933581e+00 1.078955745871164745e-01
2.297808608000627917e+00 -5.828267807860579852e-01 9.918649709003797277e-01 4.011026066237504684e-01 4.412289843327446559e-01 1.787106974065165790e-02 1.188422112429861954e+00 -1.854437018983624841e-01
2.607461732214567895e+00 -6.245840653129023368e-01 9.214629816176796995e-01 3.285530774064992499e-01 4.737348185308067339e-01 3.566580459699481703e-02 1.240625385144240589e+00 -8.370196307755434217e-02
1.756171318217077282e+00 -2.306325175728712595e-01 1.583483919408116058e+00 1.536279711110719037e-01 3.094484687278325485e-01 1.258742577072644309e-01 1.157851015726737209e+00 -1.436660078528858575e-01
2.036540054979705694e+00 -4.177363071226321001e-01 1.082016986467628339e+00 3.727538813754076585e-01 4.075476158033479734e-01 3.912709358178480951e-02 1.149260403414672060e+00 -1.927981290932375136e-01
2.096664017798198110e+00 5.205149103391668031e-02 1.026221872355616904e+00 2.608499933792304826e-01 4.226483491148946281e-01 9.395217428643636015e-02 1.239529024912609412e+00 1.178216621677484616e-01
2.227513486912604090e+00 2.268326539922271290e-01 9.903051314203897837e-01 2.919600647143039129e-01 4.496656181767205718e-01 1.074082824785964202e-01 1.289349889018370554e+00 2.570116925194424473e-01
2.124412248397604674e+00 1.151371629669304675e-01 1.114439431953992532e+00 2.226801624144141012e-01 4.080706586622940280e-01 1.170236837784577599e-01 1.244211913283928439e+00 1.157118637170504172e-01
2.317022619321867261e+00 1.136704170358046495e+00 9.088608758944534127e-01 4.669003969093935003e-01 4.995316507325546773e-01 1.344644629837324634e-01 1.471442784091161693e+00 8.436913866926295524e-01
1.919010046056486285e+00 -1.002015802379988413e-01 1.172275361856479181e+00 2.200818575721625592e-01 3.925498476601435582e-01 1.037088299939340486e-01 1.188209170023055261e+00 -3.008899893516650201e-02
3.337738837285563420e+00 8.169240291145725419e-02 8.173141651227705529e-01 3.629295932545748005e-01 5.787454952717245860e-01 7.515244077362086272e-02 1.432712117229643534e+00 4.058568898937801595e-01
2.610297232743397533e+00 -6.876933556488565302e-02 8.561814334884063626e-01 3.052374026013207620e-01 4.986127310284255154e-01 7.416374710756384880e-02 1.283092189380305337e+00 1.537162630557665499e-01
2.228086547968310516e+00 1.182818849703753394e-01 9.873411257701419919e-01 1.629094030326874998e-01 4.367222697812482846e-01 1.218403744749396028e-01 1.250716997993511326e+00 1.240194743832370994e-01
