2.141491088258489661e+00 2.630781219294890949e-01 1.008943260206283332e+00 2.616685243650148651e-01 4.437978504806225355e-01 1.122118498709731294e-01 1.303806710217574327e+00 2.954146757929099198e-01
2.190878052736827453e+00 -3.948812595293872407e-01 1.076581855865226478e+00 4.512534110234629470e-01 4.169971509665393317e-01 4.817348830953888800e-02 1.226242438394503864e+00 -2.867494478322067664e-02
2.551719598246779519e+00 1.240202704340009454e+00 8.941361911310234944e-01 3.215702315927161936e-01 5.084973840119944022e-01 1.846886944896284077e-01 1.445190808320526044e+00 7.331296605642870778e-01
3.023941662093211580e+00 6.731740090951867650e-01 8.748612727614372142e-01 3.426791865360805378e-01 5.354945208923208577e-01 1.361665219336115895e-01 1.472080040448084937e+00 6.006909701222733489e-01
1.839659470001898667e+00 5.254599266982844519e-01 1.185472964801894902e+00 3.759551593478542286e-01 3.971821372860365185e-01 9.926113852449622299e-02 1.306890993824741498e+00 4.431037261776699654e-01
2.248533965448571426e+00 -5.330767820125094092e-01 1.035564414368578712e+00 4.381815712356223469e-01 4.190811999868606641e-01 3.061995909184832276e-02 1.192955636626756633e+00 -1.386982525121741028e-01
1.943232114211036921e+00 5.745734222569502947e-01 9.956533586838597349e-01 4.161625290720941672e-01 4.463514048909831278e-01 8.702966365616346400e-02 1.328124707769082757e+00 4.876186787850620430e-01
2.031622272376125693e+00 1.126154441106765602e-01 9.608255716027340743e-01 3.115602158333213856e-01 4.441364526478188690e-01 8.095426370157890461e-02 1.244544503303812499e+00 1.880783008144563395e-01
2.699300901882423886e+00 -7.012831578308279523e-01 9.066018399074620149e-01 3.077776360728573524e-01 4.856358499167431342e-01 2.867833517489410192e-02 1.267426523615934553e+00 -7.339420339595353893e-02
2.751352808686055695e+00 3.475995173483088507e-01 8.664476848662729935e-01 2.331215646436101685e-01 5.056325516968748213e-01 1.285520624619382324e-01 1.353239284400844955e+00 3.133323613488127046e-01
1.685672064736463582e+00 -1.750224545916262975e-01 1.570534007665732368e+00 1.542607124376650374e-01 3.035808050703364125e-01 1.287885540469812518e-01 1.139342404236411088e+00 -1.289310206931273683e-01
2.373676864870913672e+00 2.893698570933616043e-01 9.434010580987720607e-01 3.733922232607987945e-01 4.735383336883763894e-01 1.048074754014580029e-01 1.319365522870605600e+00 3.515686381235675340e-01
1.563255377182295902e+00 7.918763552236482428e-02 1.719892745992196659e+00 2.844283540661277643e-01 3.029360092039635743e-01 1.051473436379955634e-01 1.207560923091997251e+00 1.508146458303211979e-01
2.073766158116137515e+00 -3.724786966957822076e-01 1.069789914515750118e+00 3.576946400297990047e-01 4.091420684964972576e-01 6.981855229121175510e-02 1.195547717482980055e+00 -5.553996416297175831e-02
2.536633872535057677e+00 -4.635791266498782703e-01 9.176892178091266006e-01 3.993852200459541146e-01 4.843828294882723817e-01 2.690287469902089348e-02 1.264982423610626183e+00 3.589832004587328179e-02
1.481803175702416153e+00 -2.514273264681118336e-01 2.246455291523894005e+00 2.739207197814579331e-01 2.416528834903259593e-01 1.267606912360427496e-01 1.099001124789415806e+00 -2.163424413072865815e-01
2.294366191452716475e+00 -4.182325232802985293e-01 9.043550354995035789e-01 3.516539115422285811e-01 4.583456854505323363e-01 3.352754276368703767e-02 1.199872012557477108e+00 -5.726475329614117565e-02
2.137895591364084247e+00 -5.439607901753757968e-01 1.072481149942344558e+00 4.477049031096732579e-01 4.029829407551323017e-01 4.050241821023350952e-02 1.180497619244642804e+00 -1.519261001041577464e-01
2.946138680736194448e+00 -6.298394692115298898e-01 7.791023345551046919e-01 3.457290544014072764e-01 5.397818109536470788e-01 1.120793971492201058e-03 1.272739029869657923e+00 3.342114185074093746e-02
2.334732528416038733e+00 -4.307419682461892663e-01 9.044350487945967965e-01 4.455141627938782323e-01 4.626496551595603579e-01 1.961780938651756095e-02 1.210547655678367640e+00 -1.661149660819525101e-02
1.943881147194419956e+00 1.687607034395867400e-02 1.267068218915271105e+00 2.063258678396424073e-01 3.641556518986407975e-01 1.237175724744524336e-01 1.235001916700046110e+00 9.959826133273441684e-02
2.717995254763177382e+00 1.218382808545790397e-01 9.204932847409306174e-01 2.821146674748289396e-01 4.919606503835756706e-01 1.160055895237989132e-01 1.368445219672476787e+00 3.026204076395408449e-01
2.289703781292848461e+00 4.302730182147926352e-01 1.046423937772141821e+00 8.887996448235280234e-02 4.301265167601584505e-01 1.844245770769563642e-01 1.268715186132038264e+00 1.662729757786675366e-01
2.997874890577771900e+00 1.695379937410114612e+00 7.526652092968104668e-01 4.792553424079141200e-01 6.004473321955824394e-01 1.696630308433815792e-01 1.604557694954021896e+00 1.059960407391295600e+00
2.267200126398527971e+00 6.806197477840921772e-01 9.903920682259046426e-01 2.338999430911758437e-01 4.473367509480639104e-01 1.482101232300403193e-01 1.351396916298284845e+00 4.492970855030136712e-01
2.654285955447872158e+00 -1.506603819398382726e-01 8.603119993573160595e-01 3.936635638979015805e-01 5.008795840004958144e-01 4.694142096482728510e-02 1.297030262021789060e+00 1.994865134217023162e-01
1.382164839524069766e+00 -1.313130660677919725e-01 2.746448495528230449e+00 3.144065221008677247e-01 2.223091665663421423e-01 1.283934104335796578e-01 1.116649459046701320e+00 -8.648521180302436162e-02
2.808603810832307701e+00 -3.888699547556444536e-01 8.037127989426504637e-01 3.250622925477548719e-01 5.222900525565766783e-01 3.776422965429895862e-02 1.281070597799993216e+00 1.057020248887917402e-01
2.289369192928118135e+00 -5.724321084278203298e-01 9.849604532158453551e-01 4.078680533986303036e-01 4.412986314895292472e-01 1.700289043136146358e-02 1.187619713230855467e+00 -1.821814693621393866e-01
2.623059549206954166e+00 -6.915319113483513469e-01 9.131282631408732531e-01 3.470812214784921856e-01 4.766046594789572488e-01 2.576331524581900942e-02 1.241561344875966144e+00 -8.910336575602105513e-02
1.732781158212076011e+00 -2.478993711443382153e-01 1.571502991564310170e+00 2.106564616418870328e-01 3.055320964523819405e-01 1.220730301323651040e-01 1.155611673860144073e+00 -1.467254093482625865e-01
2.050179672966276012e+00 -4.443565847174111294e-01 1.038030828742680267e+00 4.157714855446860147e-01 4.140737081640334383e-01 2.799455165565364195e-02 1.149839398360505305e+00 -1.907109420893793039e-01
2.065985344843916938e+00 5.482486106771382317e-02 1.009736949034413467e+00 2.551893097836578361e-01 4.210072268768633719e-01 9.755658288666868572e-02 1.236481631738835629e+00 1.158222604888215768e-01
2.227845454467602515e+00 2.052451668269628660e-01 9.782900432738355079e-01 3.075588853556597835e-01 4.514441467319927348e-01 1.028627475142179643e-01 1.288841949672992815e+00 2.564086102150344715e-01
2.145887968085267161e+00 7.079325271677404385e-02 1.083813715734483596e+00 2.618290332434715650e-01 4.137462553654898123e-01 1.080446697462277006e-01 1.247108790825735891e+00 1.149450083302344938e-01
2.312762610235914895e+00 1.127671991287170883e+00 9.046093208494343507e-01 4.660071862424263189e-01 4.998261052911985858e-01 1.344715935937118023e-01 1.470615159348112932e+00 8.420666248666189846e-01
1.886159813587227507e+00 -1.075208557134291198e-01 1.172994748164196022e+00 2.180845937314061511e-01 3.884241518726516684e-01 1.047602320145752941e-01 1.185108031478784740e+00 -3.281316702160772675e-02
3.351904394357690720e+00 6.749517752942155169e-02 8.159338679586745080e-01 3.651453235136810083e-01 5.803305601597390506e-01 7.347943534099851681e-02 1.434421867018174535e+00 4.076421822892382085e-01
2.623590774698786987e+00 -1.063584740294348796e-01 8.453754969418665333e-01 3.176899745412801734e-01 5.019277534549126951e-01 6.775457131625334251e-02 1.283688598082587395e+00 1.533357322068568951e-01
2.208796175070526502e+00 1.289581761609460142e-01 9.786252663074305191e-01 1.513371328434123808e-01 4.354759279781144077e-01 1.280837968028774865e-01 1.249031345552010119e+00 1.233507386434536390e-01
