2.489283156710076286e-02 2.713085930777071539e-02 7.705537420457193518e-03 8.257723238531567561e-03 7.486985751414794790e-04 7.927087780247798424e-04 3.424441290280479198e-04 1.352681826202547892e-03
3.250620971553129512e-02 2.787967209863492779e-02 1.235926331944985253e-02 1.556274609469301441e-02 1.060137553597451576e-03 1.196966419489971017e-03 4.186961094167398600e-04 6.092840249821311399e-04
1.823571421067747209e-02 6.306678170963030128e-02 6.903338861841633832e-04 2.956658536208483460e-03 2.830684319209392078e-04 1.197907416425692331e-03 3.679642248022424434e-04 1.941762660596866794e-03
3.073416158007667709e-02 6.733173179649266926e-02 6.498568479254353573e-04 2.985766961781394051e-03 5.310658301642818798e-04 1.558284675336233825e-03 5.075849820334047335e-04 1.440155736862470167e-03
1.999114596434332577e-02 2.839892312582668540e-02 2.140775306815060480e-02 2.880535084533838650e-02 9.654500745071365386e-04 1.601298862335514541e-03 2.691306156165683763e-04 1.269892074662327215e-03
2.785534417162637000e-02 2.244972306728709385e-02 7.104552725666209503e-03 8.829716881155651523e-03 7.677406068706500242e-04 8.091490118763754267e-04 3.664919845121789054e-04 6.153410828521645171e-04
2.784012098123294504e-02 2.353240576872561371e-02 8.707679191791353052e-03 1.061491764404053073e-02 7.636987652629353149e-04 1.024782955866262784e-03 3.806208141115276743e-04 1.291393407078305364e-03
4.282592493334205080e-02 3.135994792058982572e-02 1.330821361569451029e-02 1.407019697309831903e-02 1.206607772259459888e-03 1.172825479082249519e-03 4.309616236393320121e-04 9.780416800002559967e-04
2.697744950573906578e-02 4.597098703090719829e-02 8.887674309588204386e-04 3.622595467577234898e-03 3.945971823185041014e-04 9.856385176377291737e-04 4.430864991305225910e-04 9.613048286610530353e-04
3.442454182689737990e-02 8.987930933334871419e-02 9.597369184004922536e-04 3.962420602729007681e-03 5.334371969252475884e-04 1.567122261552548069e-03 5.020920896196333187e-04 1.909666645218136049e-03
1.336979562920225309e-02 4.553735310067634490e-02 7.542301384450714186e-02 2.143656836227426921e-01 1.301081273823608908e-03 4.190259625750172162e-03 1.318204429273528303e-04 7.268707519174576713e-04
3.675474314380402369e-02 8.284483568042039225e-02 3.338160034830232620e-03 1.391979945910987865e-02 7.329797045418397217e-04 2.402341575509579774e-03 5.272130705516579492e-04 1.345069336472855823e-03
9.027097300313148900e-03 1.074671860986967098e-02 5.916907055853545122e-02 7.181850421983408672e-02 9.040382996918727926e-04 1.084083457597267812e-03 1.163683226663732290e-04 5.598956728936864413e-04
3.017233193295491139e-02 5.608585718249019247e-02 1.294775167738679983e-02 3.182264689578102879e-02 1.015763130715639957e-03 2.236157209312476975e-03 3.492620830427137961e-04 9.321162339372383735e-04
2.828322930786987890e-02 3.698449007651264525e-02 1.337690615723122981e-03 4.338080427448210742e-03 4.255997983159766677e-04 8.988073478736002082e-04 4.609487834622292071e-04 8.360068651631093715e-04
7.243139963175135136e-03 8.609595405042183222e-03 2.062466005247439171e-01 2.383395000503567285e-01 1.190888692324565921e-03 1.468791358141858724e-03 8.945648843508297986e-05 3.291109293481057668e-04
5.107884178385620200e-02 3.642156864363812335e-02 7.455926102106892259e-03 9.098535587932003038e-03 1.168793745768170961e-03 1.249451682247748477e-03 4.827860488099381558e-04 7.232207615873382286e-04
2.249256593106923816e-02 1.857594252964409054e-02 7.047183835756414862e-03 9.741505343136194067e-03 7.269233601542238058e-04 7.442541388481950602e-04 2.521038996799749915e-04 5.413375141549165836e-04
6.023880205135648952e-02 5.444637352370706312e-02 7.486200689308233685e-04 2.957043705144547265e-03 7.398753487970970806e-04 1.090197094129590405e-03 6.988029235113144000e-04 1.190718071455895569e-03
5.058495675567051264e-02 3.038688637217698899e-02 4.182048562578369148e-03 6.797423238027808755e-03 9.887781501868825144e-04 9.078543437938655942e-04 5.449038137545215684e-04 7.770078780351821280e-04
1.683276483391676556e-02 2.848048215933834601e-02 2.580634884128350445e-02 3.886155902995709621e-02 9.547325234302155321e-04 1.545878219744617347e-03 2.298918968403281015e-04 9.253028791600554368e-04
2.299218239622336651e-02 4.964886246873660702e-02 1.004722151523060368e-03 3.755645691173916008e-03 4.171227830903769082e-04 1.126890358995618355e-03 3.672535675835312294e-04 1.236995849189006938e-03
2.012330529518692457e-02 1.068456249040300038e-01 3.443193669820962359e-03 1.693777920619724681e-02 4.925365202911812477e-04 2.508216070707833863e-03 3.245680261964231910e-04 2.299725693143772273e-03
5.309493276655692651e-02 7.480802853196827362e-02 4.154486430764803696e-04 2.050439778197458551e-03 4.799850463961773117e-04 1.526900068048407926e-03 1.057943818283280536e-03 2.604381410594115362e-03
2.703330144962614104e-02 7.084109322801306063e-02 5.232815412960129670e-03 1.048581870213363514e-02 7.573497557237768947e-04 1.888663533454630573e-03 3.974163681524687879e-04 2.444238632856696788e-03
4.196268556335606276e-02 5.377677873408580334e-02 1.527303489656044915e-03 5.585142469070398380e-03 6.426626149755494417e-04 1.358770657963241429e-03 5.636850446805521941e-04 1.000487908662182164e-03
4.405298914962595472e-03 1.013136847033676430e-02 3.252641872412422308e-01 5.585215203270690321e-01 1.076100348839233514e-03 2.093090242731506911e-03 6.003778586784150627e-05 4.025357646790193584e-04
6.153353149636749120e-02 6.625648770598530080e-02 9.928673731744166401e-04 3.981534287290362621e-03 7.881897221684640385e-04 1.355840801993991917e-03 7.507792592020218550e-04 1.287693465853868412e-03
2.734468120604196736e-02 2.401004686933266158e-02 3.861235376629669046e-03 5.776970554682929124e-03 5.933624786537727066e-04 7.782411621167835847e-04 3.707532013146431029e-04 5.726644612765589056e-04
2.818322462554854677e-02 1.046250972642019245e-01 1.184853994743914878e-03 8.113756874077553138e-03 4.226738987993647789e-04 2.038157793654412232e-03 4.378436097467939517e-04 1.534538214518112913e-03
1.554395941650086287e-02 3.050095584270122798e-02 7.026612336790365176e-02 1.380500619441333288e-01 1.353841491957046873e-03 2.689619394776204212e-03 1.730206841372210159e-04 6.630993354026762290e-04
3.933893274105051963e-02 4.381021194238732958e-02 1.895890313791318352e-02 3.379038560457661017e-02 1.317599929244015746e-03 2.144382796777679224e-03 3.847970084770737341e-04 5.975537196890866624e-04
4.760298044214969493e-02 4.567420981102841143e-02 1.672735397805258373e-02 2.403593906786950091e-02 1.594827943330538950e-03 2.037164066335053932e-03 4.420565044131153048e-04 1.154798654789585466e-03
2.497171427424761669e-02 3.974287854254570512e-02 4.413111222006889378e-03 1.047191582597757457e-02 6.371608839013765757e-04 1.327534044955344140e-03 3.263776757453350501e-04 1.048851946400900740e-03
2.632829696597033947e-02 7.652599386926230152e-02 1.084893324207884119e-02 3.553503946769755867e-02 8.977798495829077390e-04 2.995064750976922548e-03 3.376813730164814130e-04 1.429029019999692287e-03
2.595012241775230058e-02 4.039325672078163815e-02 1.689322035612005361e-03 5.067724415321803871e-03 4.349221097531054425e-04 1.176931101343419751e-03 4.759701188482317507e-04 1.648286463485557768e-03
2.044224863628928829e-02 4.020514699298143729e-02 1.890120692874491110e-02 3.453220069639949957e-02 8.907034931745049910e-04 1.787077149875621008e-03 2.416577109948601487e-04 8.768913552708204433e-04
3.232316467119450420e-02 6.537776393431204980e-02 2.035014148751574509e-04 1.594456923566242319e-03 3.944999728869157010e-04 1.186588717615235820e-03 5.575633065878970659e-04 1.191226568418072250e-03
5.165061347632794037e-02 7.147067783620911219e-02 2.104912677186660062e-03 7.422054712334214162e-03 8.474564298019947881e-04 1.848530729072989836e-03 6.087506724505808119e-04 1.237599360181952874e-03
3.833251109994930544e-02 9.078148826280395267e-02 7.803787945592960233e-03 1.863731991199027785e-02 1.021955562012835748e-03 2.545672042544399553e-03 4.297843479889602966e-04 1.675465735694622958e-03
