2.517665213051425294e-02 1.124793530590077056e-02 2.316551902030586536e-03 8.964193888263116401e-05 4.051822537468756141e-05 3.992449231399084294e-06 1.147423683978041051e-06
7.686535610828855447e-02 7.980445042232931635e-03 1.875046406333101068e-03 7.998636379352552621e-05 3.872943392252990101e-05 3.691384374119744832e-06 1.151203787183692605e-06
2.792103654960913575e-02 1.546678201361841032e-02 2.638683271514710195e-03 2.477014352351113711e-04 9.825329707601292823e-05 6.754733583768320984e-06 1.986477414718188198e-06
3.794371184916105200e-02 9.968868264744983401e-03 3.642643612243568873e-03 1.464607735943280586e-04 8.973603499328197685e-05 6.731069283186931152e-06 1.686694818456486521e-06
4.208351538671750020e-02 1.563048074907683743e-02 2.431010235820374888e-03 1.883836218919284183e-04 1.277305785155480192e-04 6.139099708316257129e-06 1.810680613312279195e-06
1.246723324012195683e-01 7.432012557919646240e-03 1.880136691675524932e-03 8.931103884994208853e-05 3.853284404962448075e-05 3.376261580908696674e-06 1.113338545118356713e-06
2.555152644855875066e-02 2.272939257217836823e-02 2.805263817718557477e-03 2.745831927939773533e-04 2.663031926128083134e-04 1.292480075590897540e-05 4.500597769473651090e-06
3.148536539216126307e-02 1.522140384869620847e-02 2.490260407670068059e-03 1.055890129210065582e-04 7.010840320256443551e-05 5.999676054817894253e-06 1.569420745761538878e-06
7.958083388691723770e-02 7.492375201012079280e-03 2.383427533884228955e-03 9.186214594020253180e-05 5.544253777521009399e-05 3.650347752090485583e-06 1.081208793950529091e-06
3.591247724285564352e-02 1.353379524844894669e-02 2.934284359341830708e-03 1.043485923194343429e-04 3.817317157422173742e-05 5.361303589212433343e-06 1.225115701443685622e-06
1.223730373306686631e-01 1.250625566787241273e-02 2.478441025279800019e-03 7.959238080552836581e-05 8.936474450652163884e-05 6.530922139701458016e-06 1.477044336432858932e-06
4.455519588571769246e-02 7.637828969258689087e-03 2.454338356867676388e-03 9.016888605568305654e-05 3.661823834962631862e-05 3.823266960866232530e-06 1.094063765961664447e-06
2.706246753228966004e-02 1.595309993415953628e-02 2.580363787864082582e-03 1.066867553682199470e-04 8.370851623398427668e-05 6.046258609312581543e-06 1.639942506393074736e-06
8.067944897365010581e-02 1.150149448925191428e-02 2.364516503332878515e-03 8.119452090504350092e-05 5.829316845239957068e-05 4.362301831601775521e-06 1.411530279956857327e-06
6.930009800626910077e-02 6.560477602537000651e-03 1.928143381753382379e-03 7.291844919459115957e-05 3.245971437173598946e-05 3.476830446727591153e-06 9.085266219932888241e-07
9.261096024036109819e-02 1.359331238788868447e-02 2.668140389925603359e-03 8.737621745997363758e-05 1.232347040325742701e-04 8.243084536202726883e-06 2.004060475663528648e-06
6.026581619045062732e-02 1.260804790551216595e-02 2.629372882508319072e-03 9.257612783359061236e-05 6.271410512476641847e-05 5.936989707659972612e-06 1.340463626181968616e-06
1.857199667815584154e-01 1.015717119135758385e-02 2.460307103126813198e-03 1.017479286932797353e-04 5.937674695039226060e-05 4.708068209987359260e-06 1.474601307402255112e-06
8.028089847653024913e-02 1.437809862384942586e-02 2.911975746565550072e-03 1.194650777407287804e-04 6.457007540696243976e-05 6.410460382719092366e-06 1.458780731907483143e-06
9.842437399161750589e-02 1.540402716564225234e-02 2.834597086421834864e-03 9.802500943632537576e-05 7.700845947164747512e-05 5.234915000495178685e-06 1.692803884982195502e-06
4.469753425902183580e-02 8.352063084354233516e-03 2.102272791187050419e-03 7.330209733174357345e-05 3.141880862397359686e-05 3.323711792178859520e-06 8.871208047612660144e-07
3.578183872157236767e-02 8.287819224901123855e-03 2.503013092605276858e-03 8.538781563689171357e-05 5.705594801176642095e-05 4.057165919065563340e-06 1.127372071286484553e-06
5.090046265003392301e-02 6.488054947696782204e-03 2.037945411850649712e-03 7.694604698450671718e-05 3.352714873568788886e-05 3.491278743245500647e-06 8.973123531778607112e-07
5.611203140096667624e-02 8.534366316792826868e-02 5.195861104538162384e-03 1.627106104393792997e-03 2.980367065379331982e-03 1.211721396195825220e-04 6.051673164515978918e-05
4.778144021438580913e-02 1.391229900778486253e-02 3.161358317900354441e-03 1.850099241237523786e-04 5.689975335828838915e-05 6.501540066215390100e-06 1.789433756235465653e-06
5.294724499639940490e-02 9.730343266126029872e-03 2.356006391959351593e-03 8.718821689213743502e-05 3.861974532886635106e-05 4.091335368711393835e-06 1.082329307781958058e-06
7.061019295511539173e-02 1.703117981217286414e-02 2.849735884763384026e-03 8.011467978115180519e-05 1.868241502300874428e-04 7.199540131507237473e-06 2.603488942259687651e-06
6.359969929118874932e-02 1.531856199939258222e-02 2.989585073754613426e-03 1.164815783935188825e-04 5.440882234332185404e-05 6.370791613561337226e-06 1.496520023648827966e-06
1.651647123700778208e-01 7.196178953406201333e-03 2.064325564038418936e-03 9.415767089564521777e-05 4.603923803639637746e-05 4.152880886489514732e-06 1.393985624872108575e-06
1.107510324337377949e-01 6.818995656331049843e-03 2.206459935178806380e-03 8.742395264389101134e-05 4.350588349417655143e-05 3.827342945949089414e-06 1.169360297337979118e-06
8.680971622208669136e-02 9.474143834819833895e-03 2.164792130823095431e-03 8.340527735114826519e-05 4.069807054835332828e-05 3.576852793524107748e-06 1.163114588976860345e-06
9.548161365048177252e-02 7.523608398035469373e-03 2.011649757146105697e-03 8.996385271395441140e-05 4.952351879130246565e-05 6.081650479640585796e-06 1.211396999123897813e-06
4.336435801048123956e-02 1.863888680247427834e-02 3.159528708334996983e-03 1.391562624971381826e-04 6.626181744275924234e-05 7.460484212043076587e-06 1.947640141526484363e-06
3.673271699952865288e-02 9.139585161057303328e-03 2.331822481353791783e-03 8.608161540524003727e-05 3.415136231095292600e-05 3.660671192943508364e-06 1.028979854382423722e-06
5.386680123304125878e-02 7.607610583234098063e-03 2.052178805306910554e-03 7.126766830638146084e-05 3.197910841227945202e-05 3.142999388830297399e-06 9.200903489508665016e-07
3.334466496732105961e-02 1.975157657639511899e-02 2.855614240702897526e-03 3.974640978534686969e-04 2.242159939708331790e-04 9.196755529325820243e-06 3.131281681752597166e-06
4.811828769440437692e-02 7.764568295099888440e-03 1.805037321254552695e-03 7.139979921508168674e-05 3.560609084130418947e-05 3.940978175674264663e-06 9.387698907811828649e-07
4.301112553386632342e-02 9.509983370645678710e-03 2.909310883370716441e-03 1.005293748078253462e-04 5.039076627329190655e-05 4.350671385616205857e-06 1.245230825601573244e-06
4.764107561545524033e-02 1.301819017360119311e-02 2.652653568829672643e-03 1.077017500307882815e-04 4.170260861938162596e-05 5.276566633000192272e-06 1.383281992880773084e-06
5.102917881247934218e-02 1.260055743002043427e-02 2.459378801926532469e-03 9.746930228770246294e-05 5.772877678956293710e-05 5.757635749700878812e-06 1.412992854227673118e-06
