-2.053856952459098273e-01 -4.612734677829602448e-01 2.012869547688771465e+00 -4.063880473862835907e-01 1.088869500782048971e-01 9.010666794651190914e-01 -5.427986009070401990e-02
1.609776238787435920e-01 -8.733528639038827812e-01 2.019659008858314397e+00 -5.634268458128107726e-01 -4.718157210888403869e-02 8.143663829526655018e-01 -7.420681079236843281e-02
-4.978302359737628580e-01 1.054222552957660569e-01 2.164920834037217912e+00 -3.153060901430812524e-01 2.117080504599939406e-01 9.800327991909877356e-01 -3.445355938077506591e-02
-5.388949126572780690e-01 -4.177143316213222657e-01 2.410686924011456345e+00 -3.580904249188082145e-01 1.554078356706356245e-01 9.323158721657809345e-01 -3.603601184071466429e-02
-4.092190260709673288e-01 -2.868924813195171050e-02 2.076916358725948708e+00 -3.567496916166659759e-01 1.433672310709862008e-01 9.356744919066182220e-01 -4.768368479527462789e-02
6.497720665147245500e-02 -8.895662737195074721e-01 1.947130398679575380e+00 -6.215618231877868549e-01 -9.525423852751915832e-02 7.777077496614421825e-01 -7.253917519484885668e-02
-2.952009515872448531e-01 1.086716017313823501e-01 1.998944335177466058e+00 -3.462916954518497348e-01 1.671538955742377930e-01 9.628537772821892382e-01 -4.355765689121623985e-02
-1.463778796241601010e-01 -5.758600951540246982e-01 1.854274457851567082e+00 -4.265931794022682633e-01 7.350867344146622129e-02 8.747445117896047728e-01 -5.511873263166283676e-02
-1.360435705116295468e-01 -9.983481509999447834e-01 1.950975428016195057e+00 -5.805972086878808947e-01 -5.556285222781234823e-02 7.993173084145474006e-01 -6.850965362520645974e-02
-1.005417069335579061e-01 -7.471453033510787600e-01 2.010557429337864743e+00 -4.187499459614808517e-01 7.902621079337089627e-02 8.758757898330132852e-01 -4.594020160786923407e-02
-1.560896986261660901e-01 -7.596294910353998953e-01 1.813844442047455985e+00 -5.833011246278336781e-01 -7.201974628976147430e-02 7.862251312073084142e-01 -6.795698383300965983e-02
-4.293394955944329072e-01 -3.949729411418457237e-01 2.093676376517963345e+00 -4.059162036627443904e-01 8.410411866957237526e-02 8.912521705544900197e-01 -5.967325161288989516e-02
-1.037562029202125508e-01 -5.254549879073219243e-01 1.853862688197411845e+00 -4.318741605147243257e-01 6.442875067252570864e-02 8.713953139145169668e-01 -5.722019411759662194e-02
7.269021035039058276e-02 -8.272942015676187921e-01 1.864889610160473721e+00 -5.435173671889751423e-01 -4.453014723166764249e-02 8.099551319749869194e-01 -7.075278515262996282e-02
-8.614061231944759867e-02 -8.174045639359041049e-01 1.962875980908135753e+00 -5.356242781497160266e-01 -2.274820277403928268e-02 8.230480544035990720e-01 -7.250262592016386287e-02
6.808251174730367561e-02 -9.120196745934350258e-01 1.695046662095465395e+00 -6.093437805817649711e-01 -9.449386399757875310e-02 7.722654701856391801e-01 -7.053899725297732570e-02
1.105386928043037946e-02 -9.619391763946616436e-01 1.747432388391537028e+00 -5.434721739168659749e-01 -3.998794173623292092e-02 8.048413198032776661e-01 -6.456355750304031138e-02
1.164129723608333918e-03 -9.462184565055493657e-01 1.892700715672592571e+00 -6.033534464538248265e-01 -9.594323263197027107e-02 7.821516729508616317e-01 -7.163120493801360122e-02
-7.801240814084862973e-02 -9.593611160314219344e-01 1.856220621485769717e+00 -5.088041477997683470e-01 -2.061024771704703801e-02 8.163973118456856470e-01 -5.648100215111750977e-02
1.376307372836632070e-01 -8.523801026973666373e-01 1.871538283956215132e+00 -5.352377393800682448e-01 -4.379053917864863393e-02 8.110900114804153738e-01 -6.659095024519733064e-02
-1.081816527028025554e-01 -6.566404984574097936e-01 2.040333580913559874e+00 -4.955338433088357086e-01 1.984297965288902080e-02 8.404640560682554717e-01 -6.321012332503933573e-02
-2.087859935684363011e-01 -7.934197832966124464e-01 2.210596910809516924e+00 -4.327059088978675860e-01 6.987442233446938822e-02 8.816347219599505181e-01 -5.393135169767755699e-02
-2.928032685891401310e-01 -6.853442839894104965e-01 2.020518493815156802e+00 -5.087740489767200724e-01 8.521090985694550982e-04 8.341252409325137229e-01 -6.828567818681406665e-02
-2.991328091889193797e-01 1.426129127026232846e+00 2.194819108796924212e+00 -3.653141569229180208e-01 2.408867540638989224e-01 1.126276959800682098e+00 -1.061592422681568136e-02
-4.067447233431012443e-01 -2.216277613351409215e-01 2.148696194353866495e+00 -3.877848230920580841e-01 1.397994413295655658e-01 9.190727488849140814e-01 -4.068783486472796890e-02
-2.280793319010490094e-01 -6.395406081967633938e-01 1.984684107270677789e+00 -4.696030863278252143e-01 3.089736536994613578e-02 8.473179269712544093e-01 -5.723823479141108145e-02
1.431753743489180830e-01 -6.999927186016343672e-01 1.761052573881152661e+00 -5.267613883281635490e-01 -5.086489751411771981e-02 8.083493742674766613e-01 -7.176694699990422699e-02
-6.746991017939073243e-02 -8.324355113820474106e-01 1.893193608074971390e+00 -4.718587776908573228e-01 8.430658544957135569e-03 8.321890002426677313e-01 -5.401237300556577942e-02
-2.496528570168111277e-02 -8.723015602134021051e-01 1.897498922906944996e+00 -6.446081286583434933e-01 -1.101881566892207870e-01 7.753473950372568035e-01 -7.640874300154487653e-02
-1.926952442540378341e-01 -8.710076294985152900e-01 1.940686418706333072e+00 -5.825721788632407527e-01 -7.048616029614390710e-02 7.884855119809439650e-01 -7.149470975843523479e-02
1.062894304150625718e-01 -9.333882053282716029e-01 1.899402601000676372e+00 -5.988288710714256835e-01 -7.216048035131031324e-02 7.914091009039717628e-01 -7.042525545347450011e-02
-1.549355111136188345e-01 -9.462018202160893399e-01 1.769824168047195112e+00 -6.380950491201983210e-01 -1.031294452426055747e-01 7.724688641573241865e-01 -7.366316616217069568e-02
-7.663247780708473678e-02 -6.599935782446291199e-01 1.915513934460743029e+00 -4.714722435032545067e-01 3.191045983418887289e-02 8.534105464107801797e-01 -5.284380381384849029e-02
-2.628965678335822287e-01 -5.682429719113650801e-01 2.057271831314712252e+00 -4.301585105542924392e-01 7.323293077141612706e-02 8.793652501759816609e-01 -5.807992573381443036e-02
-1.374163940246813931e-01 -6.334355748355051663e-01 2.047612045287257043e+00 -5.090524623655896530e-01 5.352712437937964460e-03 8.346986619756358028e-01 -6.608974767788859672e-02
-5.841908851956069126e-01 3.750034220051241540e-01 2.209368068161282395e+00 -2.492831200608056352e-01 2.796259208328489843e-01 1.041827666187912671e+00 -2.439838530307135434e-02
-1.578163615106143725e-01 -7.578007339647517826e-01 1.864085035469252416e+00 -5.429548531214243301e-01 -2.276202673629818679e-02 8.200752977619769624e-01 -7.091092750392459509e-02
-3.402695104280273330e-01 -6.070243326726126876e-01 2.164437779305712795e+00 -4.136464958231027000e-01 7.710088446089335967e-02 8.844252252044337848e-01 -5.009293728176974353e-02
-1.318331017196182342e-01 -7.041430613277913642e-01 1.963610351049454250e+00 -4.737521973232333150e-01 2.032461297605636652e-02 8.449840642094529342e-01 -5.622482677953973690e-02
-1.722695054462217157e-01 -6.411038696418466243e-01 1.881748333719548860e+00 -4.746310427178356273e-01 3.080275225025459404e-02 8.438996721709488558e-01 -5.521799744939140386e-02
