-2.025202590520794876e-01 -4.644281813023670713e-01 2.012803972591636459e+00 -4.063290099617222206e-01 1.091735381342800043e-01 9.010472893447389886e-01 -5.426590346807561027e-02
1.960874486387761129e-01 -8.753685968186285526e-01 2.019661823406087908e+00 -5.633397626881135878e-01 -4.703578252273105109e-02 8.143618798477516574e-01 -7.417971758562805218e-02
-4.968405004291459037e-01 9.909503619642380523e-02 2.164717083024029431e+00 -3.147930186401684538e-01 2.129701951235246082e-01 9.799282998739868855e-01 -3.437706084443195587e-02
-5.400152780474369862e-01 -4.174098987189740484e-01 2.410233468488987896e+00 -3.580272308821055849e-01 1.558998426069075627e-01 9.323375155137374470e-01 -3.603538908024940535e-02
-4.089632719249808313e-01 -3.874627746442963622e-02 2.076487462337263779e+00 -3.563334078176118025e-01 1.452683988172512597e-01 9.355555644717103991e-01 -4.762157964884496802e-02
8.947263249238349148e-02 -8.917795881147214665e-01 1.947585412555624895e+00 -6.214762124362365192e-01 -9.487699908520161318e-02 7.777234788516969033e-01 -7.249662179224376779e-02
-2.938250016846811752e-01 9.760461177159303336e-02 1.998707042384555876e+00 -3.454462349008446398e-01 1.696983355167880347e-01 9.625305387767812970e-01 -4.335944938837012208e-02
-1.445943847690299155e-01 -5.789856797215354733e-01 1.854668850975224492e+00 -4.264962631587640995e-01 7.412524917985960360e-02 8.746708701449861234e-01 -5.507784862673797965e-02
-1.742531644497292143e-01 -9.972679145243036336e-01 1.949965920408996078e+00 -5.805843083516648573e-01 -5.511504070098090236e-02 7.993217012155167112e-01 -6.849749578939047512e-02
-9.791460346434489870e-02 -7.486886504711548485e-01 2.010753753862626780e+00 -4.187154231000326798e-01 7.912636636786601896e-02 8.758452681472335133e-01 -4.593358572298851528e-02
-2.066440791197125537e-01 -7.684734729563813538e-01 1.813686406637454507e+00 -5.833131042980181924e-01 -7.055610734149914132e-02 7.861031354180664232e-01 -6.786288332592842198e-02
-4.345408905308368319e-01 -3.963609157310000186e-01 2.092927815103302613e+00 -4.058884041753543226e-01 8.424576617039786219e-02 8.912619022333644336e-01 -5.966195246291342014e-02
-1.007946187652921655e-01 -5.295413210185108133e-01 1.854362995428216365e+00 -4.317694468824886389e-01 6.536264487981172100e-02 8.713045025388879150e-01 -5.715840994548988807e-02
9.462078531061199338e-02 -8.312562415564235252e-01 1.865290451738929711e+00 -5.435377648001642470e-01 -4.394881684176087100e-02 8.099714674897271482e-01 -7.068534311550869753e-02
-1.010140338130666865e-01 -8.186172723544002938e-01 1.962667008884316555e+00 -5.356217060648797990e-01 -2.255150697621118722e-02 8.230516087313801687e-01 -7.248724098392550497e-02
8.148075521909445285e-02 -9.184526050469621339e-01 1.695045611033203725e+00 -6.092563080359596484e-01 -9.299208021034191529e-02 7.723075742018724599e-01 -7.040750218664244831e-02
1.396613247615943482e-03 -9.656151493886692139e-01 1.747702923710884537e+00 -5.435003719731696936e-01 -3.950677404804042725e-02 8.047556712267214252e-01 -6.451158872664967958e-02
-6.759152527093453822e-02 -9.500776294791608567e-01 1.893251028230978905e+00 -6.033632448735711806e-01 -9.544805518111332265e-02 7.821206729005304448e-01 -7.158203700382236023e-02
-1.006300364745951470e-01 -9.626289729108058468e-01 1.855835213992161670e+00 -5.089184457826572139e-01 -2.027729355262335859e-02 8.163225693185508502e-01 -5.645364733331982576e-02
1.806292248196910144e-01 -8.578316631449712792e-01 1.872044637171871528e+00 -5.352852057164663169e-01 -4.295253323807318030e-02 8.110603191528147349e-01 -6.651604964741816839e-02
-1.041723194173994893e-01 -6.583594228303222273e-01 2.040167151575599469e+00 -4.954833037603663670e-01 1.994672762206873423e-02 8.404440615616478594e-01 -6.319750886665653766e-02
-2.100205758290796809e-01 -7.923655033298494521e-01 2.210232794272192436e+00 -4.326831295352828732e-01 7.020419457829053800e-02 8.816313451582086236e-01 -5.392960850168412867e-02
-3.037731291000642098e-01 -6.853557354547625824e-01 2.019959134088531449e+00 -5.088270330129265329e-01 1.046102682948831745e-03 8.341210108622019170e-01 -6.826734012596387402e-02
-3.051229624877321855e-01 1.406030678367041542e+00 2.191267193728972718e+00 -3.644677935577723682e-01 2.482800910695366625e-01 1.125126922699847043e+00 -9.878200337617935520e-03
-4.036115849382612697e-01 -2.281498218752812945e-01 2.148239595251730361e+00 -3.873805057000133667e-01 1.402057627233456172e-01 9.190213222688472516e-01 -4.065835918380892450e-02
-2.344370234716996459e-01 -6.417086513770016154e-01 1.984351209435370578e+00 -4.695988132766201750e-01 3.106858824931473667e-02 8.472893340156912867e-01 -5.722606085963667655e-02
1.836269925961284133e-01 -7.070650901648607434e-01 1.761060036204066703e+00 -5.267778284295914215e-01 -4.949720998414322559e-02 8.084214080215540443e-01 -7.160914184805043659e-02
-7.045682571745136291e-02 -8.348420521885894230e-01 1.893655044274354715e+00 -4.718706736492909171e-01 8.720361649303233834e-03 8.321199931520539828e-01 -5.398300037802844509e-02
-6.698439867607314246e-02 -8.738036098870528567e-01 1.897108246590531566e+00 -6.445466520512809216e-01 -1.097933068540379031e-01 7.753830545048422396e-01 -7.636328167608308348e-02
-2.578307693128983336e-01 -8.709481048414238202e-01 1.940143295685343050e+00 -5.825629536824415977e-01 -7.013124281363972146e-02 7.885051225749490911e-01 -7.146188909519339549e-02
1.262749426927533558e-01 -9.362716536950127511e-01 1.899688333188212841e+00 -5.987698357399785509e-01 -7.186867448280181980e-02 7.914118070387085035e-01 -7.039533849029477874e-02
-2.141325313097011684e-01 -9.481162717546061103e-01 1.769525753642300359e+00 -6.379715131526638716e-01 -1.027245524221167272e-01 7.724385460365861267e-01 -7.362325951576062510e-02
-7.177826124861094725e-02 -6.644961980869914520e-01 1.915988768283847898e+00 -4.713038600978413095e-01 3.241861192591568436e-02 8.533124472347624057e-01 -5.279841659571138379e-02
-2.636790455983459291e-01 -5.697971627593509947e-01 2.057253841179344622e+00 -4.300348260496960062e-01 7.336422004818392295e-02 8.793476438001970319e-01 -5.807970298353537508e-02
-1.317944210286352558e-01 -6.349404928818824789e-01 2.047400409770744112e+00 -5.090045997084993168e-01 5.490518775523197531e-03 8.346902327806051680e-01 -6.608311905602751168e-02
-5.827125278763720662e-01 3.638767198293704208e-01 2.208997614758718697e+00 -2.483841963215319137e-01 2.821707278007511976e-01 1.041575823969260517e+00 -2.424117724331285861e-02
-1.680761444865455090e-01 -7.588699669031278017e-01 1.863913492059928068e+00 -5.428913441418259378e-01 -2.258799467968598818e-02 8.200833664023924330e-01 -7.089638815248472392e-02
-3.425566017180298184e-01 -6.084782955624081779e-01 2.163929056529024120e+00 -4.136611224424054378e-01 7.759449068675922101e-02 8.844466695472852358e-01 -5.008807295913431795e-02
-1.305720137148302373e-01 -7.065665664869769103e-01 1.963936697825057642e+00 -4.737885968548014026e-01 2.056875250739570449e-02 8.449511170064656351e-01 -5.620707023195688212e-02
-1.752494478242181686e-01 -6.460504421226960226e-01 1.881843001502145007e+00 -4.745927747436838873e-01 3.138183060926742762e-02 8.437842712770780018e-01 -5.517204973434751414e-02
