8.601448954962884752e-01 5.163237409184181503e-01 1.322545290434541609e+00 5.133935189449881920e-01 2.421982338841540960e-01 3.429395550786270563e-01
9.552204461653859280e-01 4.741850054431761552e-01 1.249273702837628841e+00 -5.780025986935941745e-02 1.506530633617451098e-01 -1.081159089844534182e-02
7.860618304846648252e-01 5.512209403628474114e-01 1.394911292584953832e+00 1.151697055214191634e+00 4.146610610645841133e-01 6.615369953507501677e-01
8.448589751962638505e-01 5.225321889671292741e-01 1.368652656043309213e+00 9.127581240020584685e-01 3.320970910902854012e-01 5.205728904596166329e-01
8.265803161041093139e-01 5.302120936445769983e-01 1.351743121198758280e+00 8.646987362367912766e-01 3.993241082726006197e-01 5.371813759181005565e-01
9.259095164255485289e-01 4.719020626797514328e-01 1.206504109927490020e+00 7.957321548029404334e-02 9.186455105654543762e-02 -9.950674659941910472e-02
7.853457355739982271e-01 5.472321414705972886e-01 1.367598262981006840e+00 1.014686210568408242e+00 3.952736899980935359e-01 5.896533841148208221e-01
7.815663053251025172e-01 5.316641440446002731e-01 1.270373639845832736e+00 7.024692387649390524e-01 2.422548404398558453e-01 2.799671991322794651e-01
8.978171220745615466e-01 4.833956830849762687e-01 1.220957147900861406e+00 -2.190575960627961366e-02 5.597707749586380149e-02 -7.221845263667799053e-02
8.521733909901257897e-01 5.012957820441593659e-01 1.295917964973134495e+00 2.573313720266987015e-01 1.766991869777599644e-01 2.313799408639657385e-01
8.424694577543172525e-01 4.966980290962534905e-01 1.192610286537227227e+00 2.829493156341946203e-01 9.757979606317331023e-02 -5.180350150220464078e-02
8.410215587270885029e-01 5.217259999184619135e-01 1.303419469935899189e+00 5.962467118231501439e-01 3.167280287657086579e-01 3.590881447737990229e-01
8.129448633906134480e-01 5.208939627881408185e-01 1.274064147486173804e+00 5.457586540124900187e-01 2.299806345806335584e-01 2.610869570802985540e-01
8.899712749970899450e-01 4.881983341335627835e-01 1.225617528285401381e+00 -5.984918060049020105e-03 1.302845193241919941e-01 -1.729940940639186284e-02
8.909893215676725209e-01 4.968362774200518195e-01 1.242045479216933757e+00 2.300135068676555372e-01 1.556239486129818439e-01 5.960943562764627057e-02
8.435092186418956528e-01 4.937912443096102999e-01 1.175136723853602128e+00 1.905940767922107149e-01 3.292560281075092993e-02 -1.459348573878864463e-01
7.996761630484147121e-01 5.125862625370167791e-01 1.197376516494706777e+00 2.434808779434424753e-01 6.921458032465950538e-02 -4.249391840081064714e-02
8.880230999619879162e-01 4.830447607150001876e-01 1.198540084972727904e+00 -2.051993598311625810e-02 7.713241361064690493e-02 -1.215168762426265814e-01
8.256002587383770575e-01 4.992288419115457065e-01 1.220499390610484403e+00 1.626357161981911714e-02 8.653375223306850050e-02 -5.031883045362288594e-03
8.676874290292539982e-01 4.924928617832539102e-01 1.222666118898894094e+00 6.598683899051885349e-02 1.290183160916422989e-01 -5.129953524723080555e-03
9.173695617427896076e-01 4.859181620770315346e-01 1.273459315782682788e+00 2.685051081052000077e-01 1.854467389854679849e-01 1.583388102302430156e-01
9.001659894342706192e-01 4.958256758402534992e-01 1.313274324448409747e+00 1.957364087127477781e-01 1.945951593820387793e-01 2.368503766523736842e-01
8.854967129033548545e-01 4.980945133188579566e-01 1.254595855001112481e+00 3.284585914253363992e-01 1.888168863725193658e-01 1.326304435882267041e-01
6.350237272298713265e-01 6.077347253294594909e-01 1.497081923903546441e+00 1.953392368756783126e+00 6.143799074276293792e-01 9.639441873716939613e-01
8.726926602239994946e-01 5.074349400047334369e-01 1.353776825835577347e+00 6.895384877366391718e-01 3.011228176009374535e-01 4.552519300905515931e-01
8.412947298049566758e-01 5.060980961546239776e-01 1.260558032382491644e+00 4.566066575545094097e-01 2.211202974236272378e-01 2.021430258778747213e-01
8.700463546806388448e-01 4.911825947909608803e-01 1.214793197322966423e+00 1.539755482910434674e-02 1.475062298933528526e-01 -8.230092784223265803e-03
8.091114220081413455e-01 5.065365488594697485e-01 1.232935900775588456e+00 1.894544988486137616e-01 1.443848170803084807e-01 9.144533735145750353e-02
9.301379135676840493e-01 4.750241335526209641e-01 1.205076663163224371e+00 9.407401804523365940e-02 8.514948968562655041e-02 -1.270887372009227023e-01
9.106670180557127070e-01 4.764762875150858612e-01 1.211836655950011554e+00 2.564323424896493980e-02 1.143718920081099183e-01 -5.312829381742367740e-02
9.059966224647798549e-01 4.821286187562765502e-01 1.215105939795422696e+00 2.938988803964972737e-02 5.373066998753312645e-02 -9.743802315456349949e-02
8.637537881548441598e-01 4.938025059605192779e-01 1.184143834980539545e+00 2.884449941942577866e-01 5.764132891675015358e-02 -1.313330109436195436e-01
8.085319688727590215e-01 5.160539752226915855e-01 1.257648779353585766e+00 4.345909151542387550e-01 1.753636197969943300e-01 1.645467267010353452e-01
8.578518214707747669e-01 5.131980962277923330e-01 1.297769208486636350e+00 4.392446740246357395e-01 2.342935840794412305e-01 2.777522775111841424e-01
9.048620127713660199e-01 4.914422463159576204e-01 1.264129652400697301e+00 3.658338491432841511e-01 1.995443737899898762e-01 1.554303564457012732e-01
7.862756080601996933e-01 5.600496327119529605e-01 1.461630639202020410e+00 1.275468796906828128e+00 5.083940977063692301e-01 8.470165218655819617e-01
8.588693757938264950e-01 5.062332046787396678e-01 1.231644437886302068e+00 3.736486663830464461e-01 1.407909682912973637e-01 5.574211873490272223e-02
8.405632009721895059e-01 5.127320994883179939e-01 1.302345070874459720e+00 4.603949009256713687e-01 2.625263195253560444e-01 3.063890824411206193e-01
8.162749812614454870e-01 5.132975019082801627e-01 1.250266543168641498e+00 3.682992676999752302e-01 1.878519395634385414e-01 1.533864185146921466e-01
8.176916861561309702e-01 5.114554865946205897e-01 1.250014455775529054e+00 4.595133750858339527e-01 1.677469714737885587e-01 1.619077379468137623e-01
