2.345931458137094250e+00 8.732316320787562036e-01 5.099689449784509110e-01 1.317113957235344079e+00 4.873551868225272088e-01 2.333460829585140561e-01 3.327883828058983418e-01
2.080502493626373184e+00 1.077076995236420087e+00 4.279183372776151351e-01 1.211214281768586032e+00 -1.364696465059740960e-01 1.437415665476231563e-01 -5.024360464290875822e-02
3.014644828449043246e+00 7.757582206393109914e-01 6.038680821782016483e-01 1.480774005607535360e+00 1.056050087152173189e+00 4.322229685794976572e-01 7.614486716727361104e-01
3.575494135029677611e+00 7.939017832047061685e-01 6.387257561267285499e-01 1.530351657768858731e+00 8.506475436601071971e-01 3.740486651020480391e-01 7.000891173439109938e-01
2.197251679173713779e+00 8.609803577331641700e-01 5.082374651465958459e-01 1.328652296677942823e+00 8.651859607650643769e-01 3.805442654574551775e-01 5.103297850162926697e-01
2.336312472552954933e+00 9.400532544061451778e-01 4.650597581945496994e-01 1.199321154196854922e+00 5.564027118333467192e-02 8.322940226221506310e-02 -1.087783537409252460e-01
2.147124526441466230e+00 8.151307191263226226e-01 5.225846257447220866e-01 1.338543355875780438e+00 1.020241811046196378e+00 3.731842989123730914e-01 5.544225440049307396e-01
2.535017193599416352e+00 7.764625637977481398e-01 5.434593819953035254e-01 1.288319858889969582e+00 7.209563650794819090e-01 2.572912603646589358e-01 3.029532639920224923e-01
2.762153126474837350e+00 8.630796528776708554e-01 5.191900018109528725e-01 1.273285616302224366e+00 1.581567922825864725e-01 1.173080622386234728e-01 5.297312341078174152e-04
2.685260503105002083e+00 8.208929643637652429e-01 5.323615825350477282e-01 1.331556423441111470e+00 3.548345530465919495e-01 2.116403016686191074e-01 2.825603347307681923e-01
2.410694749008678084e+00 8.438930476364250310e-01 4.977330114459976862e-01 1.195290355879023547e+00 2.865049175957075644e-01 1.025232480598589346e-01 -4.715328722024762775e-02
2.875875781619361859e+00 8.199162668961236244e-01 5.643470439732333199e-01 1.373565921574789739e+00 5.981626232802871312e-01 3.485633974649834932e-01 4.395706204573079368e-01
2.192637687432023696e+00 8.483726048418184229e-01 4.988434763711091513e-01 1.250723229996669961e+00 4.753945239753003538e-01 1.972792327171919713e-01 2.262392376019971285e-01
1.991591005353036126e+00 1.033289577266249593e+00 4.320546414486796660e-01 1.180445891426050498e+00 -1.277129414016573705e-01 1.071452184306669053e-01 -6.831109328271033065e-02
2.508009754944505509e+00 8.800147651075161948e-01 5.078105217451117648e-01 1.258829629625764390e+00 2.685324745312564487e-01 1.733096862624363410e-01 8.251853976337260310e-02
2.184154637327900161e+00 8.823629729174945480e-01 4.707680526591559445e-01 1.150644285266762212e+00 5.318917160449074949e-02 -9.641442542821045125e-03 -1.818182190202015103e-01
2.645712857139563390e+00 7.858506314574631446e-01 5.348650592708356077e-01 1.228667719337571906e+00 3.578448161974166486e-01 1.150611919054514293e-01 2.917139777939516208e-03
2.442559655325417189e+00 8.847255138094738403e-01 4.878370955383483087e-01 1.205366370898321771e+00 -7.312000719751240302e-03 8.080847880171444786e-02 -1.164266666819150364e-01
2.858253642242076342e+00 7.840408219502978948e-01 5.467869522235216939e-01 1.273490220651576799e+00 1.958512500681910407e-01 1.416088147326187152e-01 6.304446944197078517e-02
1.914011540505626385e+00 1.059820717105397492e+00 4.211400239559861536e-01 1.173282341391295613e+00 -5.123927264471216797e-02 1.029955085537074960e-01 -5.404543605258551459e-02
2.318370150516532391e+00 9.393015321712246957e-01 4.759333175732640142e-01 1.264319408538350453e+00 2.390825645692097878e-01 1.732821280516363138e-01 1.443077001563706219e-01
3.158714720986341096e+00 8.315256243201941677e-01 5.760919894803629981e-01 1.416712808467377460e+00 3.917744602358484984e-01 2.674713585240977576e-01 3.751335980055647279e-01
2.733133479405267963e+00 8.574573127917428650e-01 5.304242424684147972e-01 1.303641348085771812e+00 4.056173933217060990e-01 2.283069098294868704e-01 1.904658194577035779e-01
2.702812616554327363e+00 6.478005969201253711e-01 6.290300937984475427e-01 1.532311261825826998e+00 1.795036584108772537e+00 6.014843668936759036e-01 1.012525938952232085e+00
2.268389570805080524e+00 9.106639159301300745e-01 4.899591354391594211e-01 1.340398543243067619e+00 6.749667006039513639e-01 2.844652795864010542e-01 4.387754503705314502e-01
2.601121598145570868e+00 8.234872514163873447e-01 5.263798920523248270e-01 1.287165620551381284e+00 4.956619128156280474e-01 2.434948881020812528e-01 2.351415194500901806e-01
1.430840908805012912e+00 1.874777176552126834e+00 3.062212980450475519e-01 1.114336990198300903e+00 -1.321848459833390999e-01 2.548567979078955048e-01 -9.545099647179608460e-02
2.720693120891139127e+00 7.854345096179651264e-01 5.379109468329721366e-01 1.271611283931613379e+00 2.705773434665479926e-01 1.782936808294115771e-01 1.383525880677473618e-01
2.028146471981156829e+00 1.057422166137425457e+00 4.256875338119217589e-01 1.159822665174768730e+00 -6.415675480313835777e-02 3.611076252696782118e-02 -1.833147244934566766e-01
2.510488568830069323e+00 8.957454804101495638e-01 4.884621728410356023e-01 1.228132091002278159e+00 6.283680392358609312e-02 1.296302938033559726e-01 -3.490381718374686165e-02
2.239595978802821019e+00 9.511916099947419490e-01 4.612782953173849010e-01 1.197622903800918737e+00 -6.146744203734194611e-02 3.123404384536367442e-02 -1.241114695883633323e-01
2.317309490047732901e+00 8.774458000298797078e-01 4.856225123071702399e-01 1.175082067109707529e+00 2.501545796751191708e-01 4.146414142838245748e-02 -1.432573787006823085e-01
2.672304588536992043e+00 7.874259779334792375e-01 5.430725554273621025e-01 1.290548336369554239e+00 4.951085852164601731e-01 2.082105081336364516e-01 2.083438976233331075e-01
2.708611220698927902e+00 8.302003233306926022e-01 5.446490691616843183e-01 1.339699062612338842e+00 4.987037883778925873e-01 2.643245569312466237e-01 3.294669706970009826e-01
2.320173537908248651e+00 9.242312548683058182e-01 4.822241512931452756e-01 1.255339793137642435e+00 3.411814749732236529e-01 1.860603079593698139e-01 1.417372753926883222e-01
2.504873927434047687e+00 7.829455724188281174e-01 5.697566187419129680e-01 1.476350797653964486e+00 1.243895977229550809e+00 5.082358253091356914e-01 8.631162702358892158e-01
2.584764291081091070e+00 8.446369699630400518e-01 5.238037561204947901e-01 1.258429908827255472e+00 4.319460673823333763e-01 1.699884932078457589e-01 8.955992620754341105e-02
3.317844185386591871e+00 7.958151988345679717e-01 6.008059615459325764e-01 1.426809954109942380e+00 5.173114683189359297e-01 3.187146821859141443e-01 4.492817513943598851e-01
2.854031335881790366e+00 7.862172237914850648e-01 5.568729466778110648e-01 1.306835431506913503e+00 4.397267795378623223e-01 2.294220300462613826e-01 2.195767197580503760e-01
2.498180299978962182e+00 8.114753430902720277e-01 5.208595563597572253e-01 1.263184414314090676e+00 4.758120826931731551e-01 1.807173775603676535e-01 1.769346216588989218e-01
