2.377857231625227108e+00 8.641139966329632882e-01 5.146571429611286330e-01 1.320986116314433634e+00 5.084953105525658046e-01 1.149833684239727483e-01 3.402808082054686323e-01
2.201943177221252324e+00 1.015289730576599325e+00 4.491665502276386834e-01 1.223086017278109061e+00 -3.241741737279459357e-01 7.868841823181565998e-02 -5.918176563997475104e-02
2.517265922555526725e+00 8.460380716540154555e-01 5.404553759605971175e-01 1.435424722506729367e+00 2.075547637398610146e+00 2.560478309606611380e-01 8.129150915989090675e-01
3.082604756891063502e+00 8.377206057894434066e-01 5.758864179271772077e-01 1.478054951620930035e+00 1.568371538950164901e+00 2.268287065404938907e-01 6.936305612666461284e-01
2.073497135001597158e+00 9.125692505743638883e-01 4.867075812690019876e-01 1.320085093687797251e+00 1.209678066711274091e+00 1.741005683126404524e-01 5.376384454365935595e-01
2.625429657474679601e+00 8.760350285820223126e-01 5.023855888541541859e-01 1.228458278458453012e+00 -5.365467932389589301e-01 3.016581855181924010e-02 -1.460842598441704498e-01
1.926684439303858243e+00 9.012482579020059115e-01 4.878471830350453731e-01 1.319291486276851444e+00 1.071184117444572204e+00 1.441019502933995888e-01 5.251321984567762780e-01
2.540283762703245962e+00 7.765325224162907825e-01 5.443139925180030536e-01 1.288124327035793604e+00 4.987171421480905975e-01 9.895141586548643342e-02 2.602394557132954866e-01
3.102414024520824043e+00 8.274657675708272375e-01 5.574088421445276831e-01 1.309182924353594402e+00 -6.919356509839524882e-01 1.097540179106438682e-02 -5.563741325185338205e-02
2.800251065791441007e+00 8.060902275345214196e-01 5.459307211361345002e-01 1.343081658736092976e+00 2.503170890628873546e-01 9.834422818506427522e-02 2.869342216478725227e-01
2.691508810634669846e+00 7.954330667282336620e-01 5.317414215281085488e-01 1.218498725708984542e+00 -3.800853186514654425e-01 2.897723806025868584e-02 -8.404206880322551143e-02
2.574695362968183687e+00 8.550398654799169496e-01 5.306763594015616592e-01 1.340370681204261727e+00 1.056744152333566333e+00 1.786909097979307026e-01 4.425213627514218984e-01
2.227366754441317820e+00 8.329494401870135567e-01 5.051268672121549397e-01 1.252388136231032512e+00 3.300037633332294496e-01 9.407383835694047014e-02 2.143152459596215920e-01
2.177085650578069131e+00 9.399115907037596251e-01 4.635201423557759326e-01 1.196160954051957770e+00 -3.694844199373031324e-01 6.693185335928580892e-02 -7.180976871963058727e-02
2.720314219555846957e+00 8.520209885029051966e-01 5.314666053049458272e-01 1.281949994689729921e+00 -2.638539004113216180e-01 5.474863456062203926e-02 2.861410585445497284e-02
2.585912704819093300e+00 7.961393880988760774e-01 5.211520008620037503e-01 1.183297974980023870e+00 -7.862141139228743247e-01 -7.690489192039567413e-03 -2.108544086364689540e-01
3.218775913531791932e+00 7.489374059269892081e-01 5.919683457787373593e-01 1.284959800273989483e+00 -7.390519268893118721e-01 -1.004328338548375610e-02 -5.244095514483351761e-02
2.847559339477911067e+00 8.222008724942078128e-01 5.358872957008795623e-01 1.244779538532707619e+00 -8.235998919202242030e-01 6.865930888239456069e-03 -1.644586460839869424e-01
3.279802537483427205e+00 7.504487102454632241e-01 5.930966177061632871e-01 1.311371454461308428e+00 -6.288617574393351450e-01 1.365915151316128388e-02 2.438297310800772305e-02
2.225859024662233843e+00 9.054336009113777006e-01 4.735469237037842061e-01 1.200575836578377409e+00 -3.189938959243636685e-01 6.176129863008279763e-02 -5.425373910309518044e-02
2.416196256905233763e+00 9.092049182620656200e-01 4.902417700811294576e-01 1.273960896591765701e+00 9.039773426916250521e-02 8.889793079409170906e-02 1.431095576272984338e-01
3.113251887481633950e+00 8.374975035232140597e-01 5.703738484873629444e-01 1.412298457016315956e+00 4.026482383620115790e-01 1.227421479531181636e-01 3.572921508122463563e-01
2.784896703400542961e+00 8.517878172366745160e-01 5.360806341455256474e-01 1.309538140581176124e+00 2.679330229613293146e-01 1.007793696909873860e-01 1.764165629934721646e-01
2.266308036359696576e+00 8.215528938083427324e-01 5.343572053110676734e-01 1.530864207236853014e+00 3.189462666694237392e+00 3.621083810576170015e-01 1.167009839360577450e+00
2.309099425595270372e+00 9.053596854937647764e-01 4.926922114111577655e-01 1.347319831568024595e+00 8.745972682311752289e-01 1.465287571907392394e-01 4.706643560381463254e-01
2.626835611696897388e+00 8.217296228430143179e-01 5.287717221860972483e-01 1.290042616333334058e+00 3.821277634829456371e-01 1.065926688035186559e-01 2.165279663478598959e-01
1.443857409383567214e+00 1.816916784019469100e+00 3.108505551007680334e-01 1.115579322446585087e+00 -1.401901520473049223e-01 1.164566758940286106e-01 -9.707752638351412056e-02
3.032825669130575275e+00 7.607986227121017464e-01 5.710599340014169689e-01 1.302207759705805046e+00 -2.945069745846853326e-01 4.907803583108266005e-02 1.057641718366983952e-01
2.229541900345074268e+00 9.602222238565952805e-01 4.588757745129108945e-01 1.177830940030015761e+00 -5.111715588346652517e-01 4.043454918139231802e-02 -2.152816669257704707e-01
2.726497930556836202e+00 8.605591066389011168e-01 5.144066641811316787e-01 1.249943067566508415e+00 -5.154952321493248002e-01 4.151356282401137687e-02 -7.845714239030086856e-02
2.416064532976746282e+00 8.905538751752241078e-01 4.889374817783269656e-01 1.210302227213827075e+00 -5.975836739942993470e-01 2.690278307239619623e-02 -1.510244807995965999e-01
2.793529291561313688e+00 8.076839832393156726e-01 5.391258217710636069e-01 1.221226740089811136e+00 -8.450168725865317976e-01 -1.818289225926583361e-02 -2.192259729357140530e-01
2.793891301900835789e+00 7.731530601229336108e-01 5.575948929673758547e-01 1.301265359939177246e+00 2.215121040426444587e-01 8.164908633436283869e-02 1.864857442095939066e-01
2.663452167983036301e+00 8.369242201260572722e-01 5.390817159178972195e-01 1.335054550027564124e+00 5.480268029002909325e-01 1.256461920407829780e-01 3.245884562836905962e-01
2.407307986521316945e+00 8.975767781427510528e-01 4.950867121853451680e-01 1.263116607161949068e+00 1.635744479906501847e-01 8.868613348089485204e-02 1.293720389568054630e-01
2.156796912830553747e+00 8.969887268523646373e-01 5.104224375717700823e-01 1.452322523403502652e+00 1.997948811400109603e+00 2.477792409157131837e-01 9.180188903766455244e-01
2.796054051917700178e+00 8.206367918994666999e-01 5.467497608696707534e-01 1.280402428512483981e+00 -7.722409925591065816e-02 5.621989294013157723e-02 5.051289329837860276e-02
3.040594032834861959e+00 8.166223892009423224e-01 5.695636287701528744e-01 1.395720901200932618e+00 7.801126233897842654e-01 1.597388202369442456e-01 4.181809014252509393e-01
2.950157372989994364e+00 7.791074550070198335e-01 5.673510128787552231e-01 1.316449367387001912e+00 1.829870590043124468e-01 8.826368159985155393e-02 1.925020235322466300e-01
2.669186850640803410e+00 7.860004708309870081e-01 5.412219071058326225e-01 1.278730740315199066e+00 1.978123970100369999e-01 7.707497127953658045e-02 1.679738485597283282e-01
