1.647399700087111896e+00 -1.290774174595936408e-02 2.036245354965319887e+00 1.724361636733433290e-01 -9.864986021872582111e-02 -6.625950683156107690e-01 -6.930883354452211931e-01
1.510588959090856109e+00 5.083966984947739798e-01 2.043600335379403443e+00 3.664211615107209052e-01 -7.953554741226120245e-03 -6.058197637606017594e-01 -6.663232591970473795e-01
2.111594765689873920e+00 -1.137514818987974907e+00 2.253868380487662915e+00 5.360798245299965015e-02 -1.087746576893303119e-01 -7.110003535497760874e-01 -7.444466739156937463e-01
2.451613741562365778e+00 -5.846131642778230608e-01 2.385023249259189626e+00 1.279300399133289912e-01 -8.939543657552442846e-02 -6.762868115261203572e-01 -7.237090020406087287e-01
1.275295721296544116e+00 -4.451958829070098989e-01 2.125638691335903108e+00 9.674665912748360574e-02 -1.417042341857899235e-01 -6.813748314621823621e-01 -7.070446473469006454e-01
1.554661858463443513e+00 6.863254527367469437e-01 1.997405935676962230e+00 4.417900672973011367e-01 1.325398060948698199e-02 -5.775644580968910535e-01 -6.526393841123560025e-01
1.464805546187995411e+00 -5.547142148439986320e-01 2.021058873276086576e+00 7.033760296720809047e-02 -1.435774314621766079e-01 -6.984298706467941820e-01 -7.207135911279567431e-01
1.567429731513677149e+00 1.047221324956549987e-01 1.927653202239109520e+00 2.320527531339268978e-01 -8.127438977939777098e-02 -6.455478388570902171e-01 -6.722782349455469486e-01
2.088286209070840727e+00 1.033621393147026613e+00 2.078148896485696895e+00 3.753039024609016727e-01 -3.701824296517505081e-02 -5.918316425590394170e-01 -6.380325737301941746e-01
2.370119206395151501e+00 1.782498503580242921e-01 2.222219528008696265e+00 2.290889352654647826e-01 -8.304331160043157412e-02 -6.356985800260223085e-01 -6.659399464775181965e-01
7.412081880046811344e-01 5.151914579780348946e-01 2.345206790113694595e+00 4.699629219933529334e-01 1.021596932295718366e-02 -5.985743765668283256e-01 -6.235893315043496976e-01
1.804938763447276662e+00 -2.379973138046733439e-01 2.095309876861133791e+00 1.888344123733784186e-01 -6.766786625196279104e-02 -6.590041733382119293e-01 -6.875577429655620465e-01
6.437297129284543784e-01 1.449554592919802265e-01 2.491374868564266265e+00 2.894626011803454468e-01 -1.044422303685753617e-01 -6.590384262421480344e-01 -6.344145547362395332e-01
1.537270919143479686e+00 6.290189981545664111e-01 1.968368509224815988e+00 3.595242333262797518e-01 -1.146385771619072222e-02 -6.036415246589019734e-01 -6.500293991078087696e-01
1.846044049473255511e+00 5.251711184552773082e-01 2.029304046906107661e+00 3.442581355805180432e-01 -3.466945881330962820e-02 -6.146820017401170011e-01 -6.559760204309960097e-01
3.201507188789621261e-01 5.628407705773493808e-01 2.751121954960618510e+00 5.853253144209581427e-01 1.144965035257312566e-02 -6.204384590392486576e-01 -5.725196788029226491e-01
1.721853210839839665e+00 6.631715110228766363e-01 1.916024646017584487e+00 3.773172624381105345e-01 -2.844770369266777163e-02 -5.949246981422440239e-01 -6.386654829370057573e-01
1.477024603956976323e+00 7.390855682646957359e-01 1.990832442329756979e+00 4.325021742326069507e-01 1.757685570749821166e-02 -5.808371731447927733e-01 -6.506474957661237957e-01
2.328022108839980397e+00 8.691182902358147722e-01 2.084171317882891117e+00 3.498668624101891611e-01 -6.114220747443255277e-02 -5.939514156841755321e-01 -6.107477263204277307e-01
1.674500435601105730e+00 5.325792393143888859e-01 1.945793317820937007e+00 3.690012900929099393e-01 -1.942242733218846676e-02 -5.995010388349051311e-01 -6.471225745151513165e-01
1.303976028020639388e+00 3.005270750648265099e-01 2.119114121187204436e+00 2.834452460138073837e-01 -4.552062689534964318e-02 -6.196485224195579233e-01 -6.722347604485322536e-01
2.207284750925204264e+00 2.041408330386211001e-01 2.221390287176315148e+00 2.062665670640420335e-01 -7.233391515053526344e-02 -6.450910569020096297e-01 -6.833625701992760426e-01
1.873034188850077886e+00 3.953740397050529709e-01 2.098283540838340233e+00 2.939245386476462274e-01 -3.745686658730174728e-02 -6.207546258938066996e-01 -6.661475161515579835e-01
2.365966033462983287e+00 -2.288831495224972201e+00 2.386937365810318123e+00 -2.474988823998098761e-02 -9.809083691324381460e-02 -7.755699312917253563e-01 -8.421234237299188852e-01
1.825697550430231297e+00 -3.590374706687734507e-01 2.123948804238950050e+00 1.355335205031492629e-01 -1.080880234637981302e-01 -6.652851878555771092e-01 -7.136165146571927798e-01
1.989171912135681008e+00 1.591542487307237297e-01 2.072413675411982403e+00 2.813946872476336680e-01 -5.061526873742277360e-02 -6.218715435093162824e-01 -6.611440908862282750e-01
-2.593214474759876209e-01 4.450852226374515941e-01 3.570609746322841893e+00 6.283521925755927162e-01 -7.641161624899717175e-02 -7.048328017851170912e-01 -4.863679243904457938e-01
2.256685137205425296e+00 6.545314209527183236e-01 2.084914202097681191e+00 3.044503047285972430e-01 -6.245494873072760661e-02 -6.066765630926076458e-01 -6.236136455993872563e-01
1.610357122695494914e+00 7.527546958880704242e-01 1.950268262807939745e+00 4.742359586164382468e-01 1.030029400420401711e-02 -5.794273905410861625e-01 -6.502618405928416445e-01
1.985801888514701297e+00 9.242978169665434507e-01 2.043587472383260550e+00 3.963229842603301911e-01 -1.743834261494479204e-02 -5.857334381035763649e-01 -6.343945652417294356e-01
9.149044901346256031e-01 5.849456135194718298e-01 2.245954723965653432e+00 4.547374481256200029e-01 1.584488290248736719e-02 -5.951891328647799240e-01 -6.424566952207216852e-01
1.402281959094805464e+00 6.498727618757026425e-01 1.907198116316225711e+00 4.783954158000962020e-01 1.236213819319868096e-02 -5.790456597820066165e-01 -6.455475867017315128e-01
1.615283457595050542e+00 2.631777878775730106e-01 1.968306189103911086e+00 2.793855629631898929e-01 -5.782080337736560105e-02 -6.223729412404369610e-01 -6.703151458037809318e-01
1.705820107909842065e+00 1.821912772342550516e-02 2.040310659018504058e+00 2.144467134577988376e-01 -7.422267519450063966e-02 -6.480842980087676564e-01 -6.819370303522545029e-01
1.581616456370339430e+00 2.475795678981497772e-01 2.054509113610712756e+00 3.023876204929739631e-01 -4.056786100729296157e-02 -6.179637222844354127e-01 -6.721838801998867297e-01
1.789524794960139831e+00 -1.348361897530765630e+00 2.193406596191507685e+00 -7.578826638151875406e-02 -1.615344273882926562e-01 -7.482018081763933681e-01 -7.746192970044111226e-01
1.349546418486517352e+00 4.651764018226418052e-01 1.960300796495566988e+00 3.584547970733799604e-01 -2.270382925571869104e-02 -6.143302924774507456e-01 -6.570131905048922638e-01
2.626579873878332361e+00 -6.023468442752377000e-02 2.365365095646874138e+00 2.448037222235167343e-01 -6.400803054827680638e-02 -6.466611667170223399e-01 -6.735339142804511736e-01
2.090170275001082434e+00 3.631515632497003820e-01 2.065131794156622735e+00 2.946412774123103318e-01 -5.465849784520861870e-02 -6.190182461874608189e-01 -6.481344177764966075e-01
1.803804115902152061e+00 4.205307239311890100e-01 1.995365674827632940e+00 2.758716473364421495e-01 -6.194057956264753528e-02 -6.186811644981784486e-01 -6.584158119410188359e-01
