2.220244154657887228e-02 4.960767812824975337e-03 1.288205903042030642e-03 5.411940785640761118e-05 2.333926153097778719e-05 2.176917272326492917e-06 6.878110138146153401e-07
6.199956056811164323e-02 4.496946744318100139e-03 1.052965469455849519e-03 4.340959051678976773e-05 2.691651716864502421e-05 3.128403627617859405e-06 6.329372757243984749e-07
2.417431078075420181e-02 1.063888375721050786e-02 1.634826671388118092e-03 2.155641200676609035e-04 4.803762687360851798e-05 1.146492366601475298e-05 2.140216356643958386e-06
2.794139305843511278e-02 5.805465349094159934e-03 2.293505251290116256e-03 8.430364186692549148e-05 5.933751055094854156e-05 3.706416376966010055e-06 1.214153232556007595e-06
3.374460382792358881e-02 6.887226967894355574e-03 1.386543545907626893e-03 1.543333027335760423e-04 3.536191863202619705e-05 2.697774302020326234e-06 9.219478614244372945e-07
6.039780084506193858e-02 3.292791981202463237e-03 1.074235533640233555e-03 5.160692631848649555e-05 2.124277208847440336e-05 2.358255685853172255e-06 5.429216007785207147e-07
2.028969308206732616e-02 1.353351253311850522e-02 1.724956022124169179e-03 3.494318257108524847e-04 8.302867987265308096e-05 2.988714287994149566e-06 2.873828828017809592e-06
2.504974060896920582e-02 9.141935854951727808e-03 1.665239256147406453e-03 1.247195263857054466e-04 6.077484785850797516e-05 3.044766330551183921e-06 1.673925332191258943e-06
4.367909636440023280e-02 3.832062621331129570e-03 1.293519433042306360e-03 6.495133560291588184e-05 2.427648567055751147e-05 3.059081290267661314e-06 5.868904084367918960e-07
2.943353695470863132e-02 6.895122960855231374e-03 1.675041198432323901e-03 6.629288744329160426e-05 2.825655257609834448e-05 3.162294040760602308e-06 9.643252293278834474e-07
4.346357828424768366e-02 4.126097203124737094e-03 1.380418556069143432e-03 5.031723232157999629e-05 2.670903026294615897e-05 3.254322218170361446e-06 7.983266996802510142e-07
2.799828986138989950e-02 3.998439316442832341e-03 1.325517787373605783e-03 5.395352347304652933e-05 2.398000070185061320e-05 2.308136278558219771e-06 6.287602890204974193e-07
2.124866380026841153e-02 8.242071734749344819e-03 1.505580096511575710e-03 1.004394729212396365e-04 4.819292555382946261e-05 2.500391199584798078e-06 1.291950313246937575e-06
7.260143534910100394e-02 6.725406942712557935e-03 1.520230205196141998e-03 4.944210549695512378e-05 4.197880019299586612e-05 2.365006487194194309e-06 9.545287994612618458e-07
3.820842311217286652e-02 2.983577395917334351e-03 1.026353950294756978e-03 4.192747165719503067e-05 1.985569043938602854e-05 2.380389690953336200e-06 4.924542722733894966e-07
4.681963396827758250e-02 6.101200206659026029e-03 1.453772254049798002e-03 5.508453033830878733e-05 5.236009749037581870e-05 3.747744370746534967e-06 1.233407260742856357e-06
3.509738936207452281e-02 7.772716720257714408e-03 1.631612403502354092e-03 7.634711811683082968e-05 5.131236972655185029e-05 3.063682243184616818e-06 1.512499914825003556e-06
7.585255935454962573e-02 4.805164744003785453e-03 1.286115725431384452e-03 6.085805282475611084e-05 3.027578249365697126e-05 3.152723617851793612e-06 7.247496186311192912e-07
6.082187884046243859e-02 1.021077280734131870e-02 1.985109644993861364e-03 9.776782491532203260e-05 5.113655660927146363e-05 4.110172188449036266e-06 1.620085781839345215e-06
6.748889950111870706e-02 1.277917506580706838e-02 2.162974643945559435e-03 9.051012715554203553e-05 7.461204214318071951e-05 3.110233997723611213e-06 1.343578097937518297e-06
4.038174370054829071e-02 3.521664907948830574e-03 1.263096897985648958e-03 4.152584427522824695e-05 2.297826494134844105e-05 2.105650957823506067e-06 5.563161424383614430e-07
2.737978777506045250e-02 4.282819297337803026e-03 1.475572444036952688e-03 4.860070592873997887e-05 3.169749028301433326e-05 2.325289973793485159e-06 6.831319482019520591e-07
2.672256889581857420e-02 3.149555004461789508e-03 1.130847789542294103e-03 3.919330226276376410e-05 1.986830579491202626e-05 2.082225698460541968e-06 5.425157100734293051e-07
3.774809399757920320e-02 6.577987166039642175e-02 4.425240973648102670e-03 3.245729405951368156e-03 9.188305210898941450e-04 1.398605535223205447e-05 4.955566543583549193e-05
4.462123764564304707e-02 6.480525614650851918e-03 1.931578644285273771e-03 9.972696410997425570e-05 4.447305579961127547e-05 3.764963587459414683e-06 1.180854625283857295e-06
3.913588310115315855e-02 5.476052844705422279e-03 1.353594371032324937e-03 5.935090383545326429e-05 2.984758820877666643e-05 2.522807132836055660e-06 8.447276617918564864e-07
5.685386477622862006e-02 1.049334620591135803e-02 1.946557767421001331e-03 8.301833528084129538e-05 9.200151288658036275e-05 2.520854842405086902e-06 1.613653092789552014e-06
4.682831903099563681e-02 1.038674016663559442e-02 1.943037207814516786e-03 1.060066523451375857e-04 5.033880433671954809e-05 3.815966369682553390e-06 1.580724757834203025e-06
1.414627136434481458e-01 3.878802332656127241e-03 1.160686337085083120e-03 6.759918270647455741e-05 2.950429355089672609e-05 3.178028433801265233e-06 8.990913846370903030e-07
4.803117196690544904e-02 3.383602532994293543e-03 1.240763650387558675e-03 6.072199987334363675e-05 2.198927051261566026e-05 2.893450741537079293e-06 5.747014579164515017e-07
6.731480351925055172e-02 4.360010165278040487e-03 1.243705636579728498e-03 5.151013081482355932e-05 2.499890506206968921e-05 2.508689708202817539e-06 6.350028637839163578e-07
4.932521112052004608e-02 4.272491019295619578e-03 1.145280523404685301e-03 4.616308468029981210e-05 3.415727517882373644e-05 3.323131962736135690e-06 8.542569510673750439e-07
3.464066277223261381e-02 1.082505369855443246e-02 2.090157526300386991e-03 1.205845525698117347e-04 4.512743467656016419e-05 4.126480306101064299e-06 1.864611237076588407e-06
2.610373915748413071e-02 4.825479482338294011e-03 1.355126676773845632e-03 4.832695356038622844e-05 2.409844170510696792e-05 2.182274569810784830e-06 6.408790335210588207e-07
3.785379153634829685e-02 3.569697645674495788e-03 1.170874987506132555e-03 3.840975567212328944e-05 2.247347731808409528e-05 1.980188960682193015e-06 5.496370198581251908e-07
2.402301149779214814e-02 1.064875509548138949e-02 1.632303801456964475e-03 3.596262436519310850e-04 4.671591800943417197e-05 2.913447107249627194e-06 1.668138870688353750e-06
2.733133052569988730e-02 3.757438194070537949e-03 1.033277095803040611e-03 4.183666378989481943e-05 2.479536044494894530e-05 2.339770736317124228e-06 6.342579727109856041e-07
3.268877336892434676e-02 5.651186628379992020e-03 1.575521997300163542e-03 6.340197984907611575e-05 3.099428032761871794e-05 2.891977385375494817e-06 9.232593464964381026e-07
3.454112054642691221e-02 8.270365918328411586e-03 1.554113585900941891e-03 9.180869739252168734e-05 3.649095839309869231e-05 3.109402217652274799e-06 1.309882356923042399e-06
3.754701362373440154e-02 6.377869677941344975e-03 1.500373615377340172e-03 6.663094118113001144e-05 3.295282875084233799e-05 2.882637102006468214e-06 1.150345724765228280e-06
