-4.205865748613707988e-01 1.545686837994153739e+00 5.303607489337684999e-01 -1.832477692046300621e+00 -8.533308348934101062e-01 2.189529963791115863e-01 6.580851439324288954e-01 -6.153636884697107901e-01
-1.058456861798831694e+00 1.217382888540181618e+00 7.414953515828874853e-01 -1.769285542621587881e+00 -1.036224298277157452e+00 2.982912867031072279e-01 6.039715236151043110e-01 -5.268827086956147099e-01
1.714134421395107355e-01 2.401595494649225948e+00 1.141168903157743220e-01 -2.120032593487795047e+00 -7.869738911804013970e-01 1.634784479440766491e-01 7.056138721157385607e-01 -6.810117818733445461e-01
-4.426368749049105489e-01 2.526388154454665802e+00 5.078744376193002896e-01 -2.197010120238591657e+00 -8.851267083100674560e-01 2.099272273665793720e-01 6.733317289855909049e-01 -6.398275280365912643e-01
-1.363535104016628252e-01 1.358857067365849769e+00 2.256797452457317277e-01 -1.963229134184741209e+00 -7.900358448025189828e-01 2.011395872946842855e-01 6.764779112985703780e-01 -6.521279138012139320e-01
-1.186255887042805712e+00 1.199710348452933451e+00 8.283813005102693694e-01 -1.695158950106017803e+00 -1.084079976545122781e+00 3.348527241213572481e-01 5.764356547191464841e-01 -4.950388183197994008e-01
-1.961737466567350097e-01 1.554391538950051110e+00 1.720494808008908860e-01 -1.886096851331271473e+00 -7.425278310451702835e-01 1.821996307133080806e-01 6.921657269537356827e-01 -6.729378215142215458e-01
-5.494252696215912168e-01 1.400355414955919420e+00 5.301542114430373154e-01 -1.712496296952980446e+00 -8.672845749545751159e-01 2.457342689319854945e-01 6.418798399780434316e-01 -5.841922339310854362e-01
-1.416874315536519546e+00 1.568733313719979927e+00 1.115606802565161981e+00 -1.744102692479533312e+00 -1.046060792321179322e+00 3.198431711586828263e-01 5.910465186614983768e-01 -5.098793702048498577e-01
-5.646208671203816198e-01 2.130322918826070833e+00 6.892693793264355051e-01 -1.928610588837329498e+00 -9.459415337242155219e-01 2.564735714438954872e-01 6.338327294023623493e-01 -5.756142995047651700e-01
-4.446344913586740555e-01 6.870271666849006031e-01 8.174660363848835765e-01 -1.867160088549288499e+00 -1.105866939922432568e+00 3.558020810368048847e-01 5.905620650274286954e-01 -4.816565784416559914e-01
-5.523394490985386041e-01 1.795258659037685334e+00 4.797144740992459466e-01 -1.899931025091109227e+00 -8.733664952291100292e-01 2.190898690317812370e-01 6.555527891126289308e-01 -5.945819607021617381e-01
-2.633511439014812328e-01 6.618551329144781725e-01 5.251243950175145114e-01 -2.115007051050679543e+00 -9.882386311192381534e-01 3.093490058861169123e-01 6.506703865065410763e-01 -5.504319985654346770e-01
-9.607943250213781816e-01 1.153099037711816877e+00 7.898190501555373277e-01 -1.689979140430690530e+00 -1.016300433012057303e+00 2.910464099022926909e-01 6.021119121836466803e-01 -5.157703811467990729e-01
-1.222135333105476729e+00 1.547780510189801007e+00 8.732288413484332601e-01 -1.769667627102277985e+00 -9.874858877175806127e-01 2.982878266279038737e-01 6.127095409964607997e-01 -5.300228738017671581e-01
-3.899239971550420014e-01 1.701751912214137241e-01 7.841544472240580266e-01 -2.293104213738033970e+00 -1.317298280975712776e+00 4.837526124043267095e-01 6.197561554371073811e-01 -3.982365714266732915e-01
-1.093110798398634120e+00 1.363310332303784511e+00 8.334819716572429149e-01 -1.629174424646590014e+00 -9.953708924662265645e-01 3.114174433008511378e-01 5.932363916055416464e-01 -5.105377482181827631e-01
-1.165865530293601626e+00 1.088816281583345980e+00 8.087366635971697804e-01 -1.683405761839644743e+00 -1.082962689361611552e+00 3.245641608142540990e-01 5.795075595058158946e-01 -4.933359490196631003e-01
-1.483642429330283896e+00 1.861029005025000904e+00 1.096432971517294463e+00 -1.781801162063088029e+00 -9.837353662275645227e-01 3.231281979246064529e-01 5.937232554567567488e-01 -4.939815524210399711e-01
-1.163616492589561568e+00 1.387936630052428066e+00 7.672548214593083449e-01 -1.681627728875407568e+00 -9.879642065404112827e-01 3.036098999837185675e-01 5.972617619408021605e-01 -5.132680091142983736e-01
-4.778383687817094327e-01 1.135371404153372676e+00 6.887402399790372165e-01 -1.853912073497013591e+00 -9.733327783382126341e-01 2.670138533289578842e-01 6.173711491370745819e-01 -5.586725402800556406e-01
-7.427329644155177268e-01 1.989728064417672471e+00 7.443022501110962974e-01 -1.960222698089755911e+00 -9.383629251983868214e-01 2.337233893602393142e-01 6.421965036801356996e-01 -5.889822381061876611e-01
-2.259892686589778377e-01 1.669169552626296849e+00 6.784391643757172741e-01 -1.821209236048733748e+00 -9.914031862369185877e-01 2.673954289244903082e-01 6.184997674939147760e-01 -5.478535014980223661e-01
2.823881843070348840e-01 3.069115621163152063e+00 -1.381377506352019502e-01 -2.361092418844912277e+00 -7.188742206982483562e-01 1.368473560495853114e-01 7.675908752209935626e-01 -7.678900686792176078e-01
-1.162814813177738826e-01 1.856837840271458040e+00 3.839325319648763668e-01 -1.940199014033312519e+00 -8.365731147671193746e-01 2.035805220285625272e-01 6.602117237731811583e-01 -6.410940628010075581e-01
-1.018828111746809872e+00 1.829106054970873529e+00 7.469001737920375472e-01 -1.848131871216328381e+00 -9.326351713737736082e-01 2.715679334050891680e-01 6.196008367509665549e-01 -5.474939062195012252e-01
-1.623643275820490783e-01 -6.486166772542446834e-02 7.196277941269185741e-01 -2.741114492955880166e+00 -1.369731510929885543e+00 5.380577278755618309e-01 6.810130228121812346e-01 -3.709978502781446363e-01
-1.230653961185985912e+00 1.855410420485914980e+00 9.585232234515930205e-01 -1.790035069791041433e+00 -9.566736590424874676e-01 2.906195826939807492e-01 6.060864509240464493e-01 -5.162004530596406848e-01
-1.231346067913524189e+00 1.234055108000572165e+00 8.793156659028020794e-01 -1.639491098057738627e+00 -1.091103573785254799e+00 3.579015718197118279e-01 5.782703455187125918e-01 -4.901865936918412547e-01
-1.404929007608128444e+00 1.511109491628759738e+00 1.057995571355507813e+00 -1.721540290201744261e+00 -1.049312380007008993e+00 3.221942067157382295e-01 5.850991318985776513e-01 -4.965478705148716476e-01
-5.555092068483997725e-01 6.778579098788334312e-01 8.239292494850534165e-01 -1.889756770283067544e+00 -1.136454063423892213e+00 3.548744689119303630e-01 5.934884286618140603e-01 -4.852649221479539143e-01
-1.056467549680550899e+00 1.079498232564918281e+00 7.736659796685896318e-01 -1.602072450778234014e+00 -1.080798397057553428e+00 3.583022268662665044e-01 5.777672229711177110e-01 -4.848654263999999658e-01
-5.621906610696316697e-01 1.366461445163516641e+00 6.319187350735888664e-01 -1.723200741538555292e+00 -9.300305264422490392e-01 2.643250238051453316e-01 6.192828281250551958e-01 -5.661811519640058687e-01
-5.284655653054975977e-01 1.595648764638967432e+00 5.440506775214766222e-01 -1.822513202863226045e+00 -8.882290034289568315e-01 2.352357665862625513e-01 6.444707407192121762e-01 -5.898725853318443901e-01
-5.692214627766002399e-01 1.415316493480258231e+00 6.565519939594638421e-01 -1.801893140149354533e+00 -9.728649022563029547e-01 2.760935388712824068e-01 6.156427385009762832e-01 -5.536211388940107669e-01
8.851331074982139724e-02 2.182375745733890593e+00 -4.898708437107108377e-02 -2.122994057901704146e+00 -6.595125714575527098e-01 1.088880367360236939e-01 7.406626599812755618e-01 -7.478586265629530994e-01
-5.856744492649407219e-01 1.065544271755578531e+00 7.298734481254723905e-01 -1.691050905412460059e+00 -1.002152015432125065e+00 3.012910915140400991e-01 6.127169328658076397e-01 -5.269934558890601028e-01
-1.053427626192838362e+00 2.526860212821719465e+00 8.713916643895074365e-01 -2.156039789705770815e+00 -9.626591199947305277e-01 2.755425491748842437e-01 6.465279598129123340e-01 -5.634877514441782864e-01
-9.386983095687276846e-01 1.826709720762081712e+00 7.845145878066848155e-01 -1.790308403277966365e+00 -9.522315733022541639e-01 2.797166025914458731e-01 6.173484151474767367e-01 -5.383798637234483708e-01
-4.960662024878709220e-01 1.533171134183888951e+00 7.179312305905836133e-01 -1.725149015699790400e+00 -9.401367120723228554e-01 2.627862332603725370e-01 6.160104051300460126e-01 -5.570995661581334968e-01
