2.839048615976145704e-02 1.402930374221644447e-02 9.218429516253181253e-04 9.769058673215507056e-05 3.564784547587498606e-05 1.195785189862392839e-06 1.014685387965703867e-05
2.969029194886427594e-02 1.017190874916314332e-02 7.624261513232004654e-04 6.084910072064449800e-05 4.069403518291658480e-05 9.091201866134280006e-07 1.140387151019622829e-05
1.199142338944180104e-02 3.149887984842539984e-02 2.588368799037202468e-03 2.588892149358466214e-04 1.329648750818513379e-04 2.128466486100258008e-06 1.595708485345664147e-05
1.482848592997964600e-02 2.960785022972249950e-02 2.911662803496066314e-03 2.352090431662937043e-04 9.216103597217485167e-05 3.225798102431413141e-06 1.909740067044413283e-05
3.944403381941111175e-02 1.556126389712414113e-02 5.121207873488819486e-03 1.391217718419310789e-04 3.100731301153129577e-04 2.762756328786481968e-06 5.259845153540566409e-05
2.879267552440436390e-02 1.227636494212822060e-02 5.891670488777095297e-04 4.620824957253330957e-05 6.490561216304757794e-05 1.392600138951157106e-06 1.437455963055233311e-05
3.110892000368210841e-02 1.925696693836822029e-02 1.103102079191772399e-03 1.544827121450324543e-04 2.179279458002880254e-04 2.236062898596501304e-06 1.298153443318976842e-05
4.375928852780141404e-02 1.673168844202996622e-02 1.395041743589202007e-03 1.213871206950254750e-04 3.727072632344786561e-05 4.037060161216882437e-06 2.738908271351925950e-05
1.917934988809004426e-02 2.374734000196976683e-02 2.363334365333451779e-03 5.364250777123878499e-05 8.879244840616820731e-05 2.018051326895514613e-06 3.062514716451452133e-05
2.111132570313012380e-02 3.457576846103637552e-02 4.266718050855220282e-03 2.359058825250099788e-04 1.026238477193769778e-04 2.458965596483075398e-06 3.486910192486434229e-05
8.528243735136502301e-02 5.333829648199743881e-03 7.890178853605527010e-02 1.843475767641229246e-03 1.542619687776971887e-04 1.920270794720677846e-04 6.337575901739297838e-04
1.895000613510182050e-02 1.665076547951700042e-02 1.549132976244938995e-03 1.020879252263350408e-04 5.394850701839785993e-05 1.142971541841514000e-06 1.020918233060430261e-05
1.232572212889953001e-01 5.228014321404226596e-03 1.519943810950633856e-01 3.854621879939216459e-03 6.529238942048708715e-04 4.104786413590279345e-04 1.428387019503126257e-03
3.765250626297206998e-02 1.555011320312678705e-02 9.963950184714879740e-04 5.578051344728125814e-05 6.870868041957939700e-05 2.095725367826999257e-06 2.448254498056516232e-05
1.683017505133436315e-02 1.610077253019216725e-02 1.485377043254121603e-03 4.867432661024259676e-05 3.702709148058394827e-05 1.530683258335743801e-06 1.540121313299462825e-05
1.393041557715841428e-01 3.376232938072694454e-03 2.328812096724620084e-01 6.110870485316279369e-03 5.998939299013069954e-04 9.937925789614914483e-04 2.470867751330546244e-03
4.349417172934626208e-02 2.318263430290085081e-02 1.687554228352951312e-03 6.562463550675033989e-05 1.016247006329401483e-04 4.975286689211847947e-06 8.645004574275714409e-05
4.779624605731720710e-02 1.763683646501243776e-02 2.149858476407025525e-03 8.518809787974948328e-05 1.115243252419721330e-04 3.085407476316865015e-06 2.480944107809446465e-05
4.572607404524344638e-02 4.789184970909000222e-02 7.270825862186711640e-03 2.063673806697758912e-04 1.995093453647727539e-04 1.040868525524414407e-05 1.709838615909111239e-04
4.569913452148331723e-02 2.300161308786761311e-02 1.362616307112038145e-03 6.642861146078368002e-05 7.377515500715381826e-05 2.842456269835870292e-06 5.800804265293429621e-05
4.141913491151633098e-02 6.323735889530374306e-03 5.655386469453333939e-03 1.544852918077434646e-04 3.168029307584247265e-05 2.684066040383527103e-06 3.375687979824690342e-05
1.680828930947814853e-02 2.074538251706748923e-02 2.364098543211511170e-03 1.176840093771976879e-04 5.122373886050175990e-05 1.266850583947562089e-06 1.888205456813636592e-05
1.614132478928794606e-02 1.256175523716312331e-02 1.189416002373760474e-03 5.846403893359959105e-05 2.792971776309207817e-05 9.848076603343852320e-07 1.187607946809072925e-05
2.007482722432641850e-02 5.060731238694222978e-02 6.255612993528241253e-03 5.295407106402650601e-04 2.875109275199006637e-04 5.505083477685625862e-06 3.934642371914631655e-05
3.125551159348205488e-02 2.294719318652561901e-02 1.857455033525025031e-03 2.149497749603266554e-04 9.574719535280357130e-05 3.552271485703872168e-06 1.355136788699115237e-05
2.430683344286825934e-02 2.131922788100106686e-02 2.793346597135364096e-03 1.399822103246190245e-04 5.184008951832639792e-05 2.123734968827472304e-06 2.536380480257901182e-05
1.531623444278573110e-01 3.017501777218695343e-03 3.669457837971804026e-01 1.076105359641252833e-02 1.572390535870796854e-03 2.165458762897456025e-03 4.543632324775368631e-03
4.003858746011500214e-02 4.217332396459486099e-02 6.534795348845295893e-03 2.088543198401298208e-04 1.468746094437337773e-04 7.479005798605757257e-06 1.139249759110666689e-04
2.698900545449080257e-02 1.479293515138735068e-02 6.310621904821644892e-04 3.689469572901174434e-05 7.202641574040339809e-05 2.305757452612819698e-06 1.995864655695237728e-05
1.883347721683805570e-02 2.055526787504783140e-02 2.041309286755866280e-03 4.576404973759899247e-05 6.790524139352224460e-05 2.260214018218046826e-06 2.500975840131179029e-05
7.573175030349577064e-02 6.234597535811695068e-03 4.669388461300256338e-02 1.063860965245080285e-03 7.129901893903168133e-05 8.415194596774898568e-05 3.275757970696029542e-04
4.320359887371132135e-02 1.712422786691942048e-02 1.293702149893255016e-03 7.080271533837285047e-05 8.335161502589050837e-05 5.970734582014143486e-06 2.331341525425115958e-05
6.282114001144604998e-02 1.932577600073957444e-02 1.901026577835097800e-03 1.269718793893436534e-04 4.642758874082087339e-05 3.277998874101827061e-06 5.531290316530599298e-05
2.895669771394846978e-02 1.383677339947129645e-02 1.167851089741205267e-03 9.644824606425035109e-05 3.546151332587986141e-05 1.151178309670189907e-06 1.328202979746730177e-05
3.221543998272055620e-02 9.136531474487695481e-03 8.284379492204823909e-04 5.811780413619599839e-05 2.302185216844476249e-05 8.940453090564742993e-07 9.928310322161278725e-06
1.357224764075271733e-02 2.785498331303788017e-02 1.788788789912401471e-03 2.307749366353563749e-04 2.113873676778696236e-04 2.780444801771755733e-06 1.487619065195427753e-05
3.537585361077093954e-02 9.084745023511562462e-03 1.762460014191678630e-03 8.550627316759804302e-05 4.122264624083388262e-05 3.526611780299990903e-06 1.314001827220751776e-05
1.432862463718128851e-02 3.645582156565149029e-02 3.486671389835263243e-03 1.842413918930281200e-04 1.350570887918319646e-04 2.212799266566315111e-06 3.429059066040111538e-05
4.747417362451516326e-02 2.826365713402300556e-02 5.243232151973969447e-03 1.830938619813543534e-04 7.950976957709439321e-05 4.418775754637349811e-06 7.476580531745774560e-05
3.929340114219424807e-02 1.698603776168386773e-02 1.959047490778617617e-03 1.141840317650737966e-04 5.091820097043665876e-05 2.680342636926759141e-06 4.527344006517028331e-05
