2.987259263659760092e-02 3.573833688294424105e-02 4.484812624432520795e-03 9.098604032368511020e-04 1.384858211913973119e-04 6.113690803064148729e-05 1.305254756634100523e-06 1.695431106536760408e-05
5.272255246105098797e-02 2.572229710721579687e-02 1.149728483131181277e-02 1.224723582916754623e-03 3.599595946491426714e-04 4.757863024278557632e-05 1.044149977680301511e-06 1.753497843225871472e-05
5.574290141302182255e-02 1.942377597970327760e-02 1.016665065480770909e-02 2.907093015527635518e-03 3.677525680635642855e-04 1.049921860582140698e-04 2.627821499868295823e-06 2.439743776390917494e-05
6.908376388959767966e-02 1.788733533850271271e-02 1.424290217004140630e-02 3.858553986037077319e-03 4.629121702622173589e-04 1.687419944615790055e-04 4.010387819962805129e-06 3.038847394892584897e-05
4.686303218213024036e-02 4.205425350991098821e-02 9.940519592984279826e-03 3.295296397399033028e-03 2.939489768642521801e-04 2.428752295069971283e-04 3.128184502428304191e-06 1.589055748206300367e-05
3.561675300430523772e-02 2.078029321074805272e-02 1.135431211293223309e-02 7.200594858131265964e-04 2.591810446239648262e-04 5.138308367542346859e-05 1.634401337461825077e-06 1.444318840978429897e-05
2.644240983457780275e-02 4.032768139521274164e-02 5.837981529628042711e-03 1.282691077818409135e-03 1.352884941130253805e-04 9.510026737387825371e-05 2.269567467285710655e-06 3.219736191782842624e-05
5.345953295479036887e-02 4.220860588752416848e-02 8.019134297930694683e-03 1.381794200116676259e-03 1.679117978854935953e-04 7.906694584191289391e-05 4.566762409264149298e-06 3.210715121298245942e-05
5.181223141312856634e-02 1.405298279509043478e-02 1.159169384564442268e-02 2.364602224181517470e-03 3.050711446848468605e-04 9.916338263556078131e-05 2.319219079664124684e-06 1.636243848305567143e-05
8.653516085504493749e-02 2.492718473339887442e-02 1.731788696134474795e-02 4.216396726771227260e-03 5.355755724774418020e-04 1.730808913249032245e-04 3.032144290236374380e-06 3.000899003565014577e-05
1.914559768160081776e-01 4.506055579498050023e-02 8.934855243746714359e-02 2.427346189968634244e-02 3.473214733565624553e-03 1.198156326354508222e-03 3.924022761534400283e-05 1.967200558819011847e-04
1.091356639227013814e-01 2.085394206536459252e-02 9.042944859136816185e-03 2.455531956640794305e-03 2.952240975962805761e-04 5.777846710355444553e-05 1.407625737737024073e-06 2.264901095445325923e-05
4.375837288792264190e-02 4.084801214484300169e-02 3.635014569663016365e-02 2.788006479466793516e-02 3.358386375515284763e-03 9.586198207959590505e-04 3.898646447644934300e-05 2.331882565541725774e-04
9.475182517130488480e-02 2.847099242531644925e-02 1.067674907523545255e-02 1.275428558194247660e-03 3.111028256572399560e-04 5.550518911638865091e-05 2.118425155045965300e-06 1.816467563351707712e-05
4.778437380873273854e-02 1.351960519999619546e-02 9.757699825928105308e-03 2.218204566631454960e-03 2.124026835570592801e-04 5.473633435726526928e-05 1.734151878294316828e-06 1.609665128623129175e-05
1.241675655521182475e-01 7.295048778308109438e-02 1.383152395155837766e-01 1.089905156784418960e-01 1.241415304290287118e-02 4.910987399057602405e-03 4.381930004720177942e-04 1.329941439885104970e-03
5.928087994344093808e-02 3.134400185103218550e-02 1.493924241385482556e-02 1.697791583269654507e-03 2.445772661262885948e-04 1.240037859460672864e-04 5.894671063900231944e-06 4.273284120963514944e-05
2.923447899051770729e-02 1.700572727143861290e-02 1.268575731151632899e-02 8.041358946138086900e-04 3.202187105972904174e-04 5.479115240787657288e-05 1.730550281749331252e-06 1.497667106889080823e-05
6.454317117809622861e-02 2.683397575923476136e-02 2.264661631081700890e-02 7.118016559882301558e-03 6.170252406087525354e-04 2.429445277335188147e-04 1.160065319433765104e-05 9.708255746290034814e-05
4.496840041627305634e-02 2.838757229034584439e-02 1.931448449441962659e-02 2.074958537221556747e-03 2.543070423332117547e-04 1.229033950014671891e-04 3.635276900396415028e-06 4.359766172775004508e-05
6.187984391041947974e-02 3.466706579114548631e-02 1.172390117557461746e-02 4.739204848996161033e-03 4.071865172387222585e-04 1.843411082607188329e-04 2.017887622190600176e-06 3.339914440855252240e-05
5.292667838675279429e-02 1.591076384428234680e-02 8.937204588655819210e-03 2.352660287949768971e-03 2.944876241800571020e-04 1.067855137026571148e-04 1.443934242206082662e-06 1.965108674950281982e-05
1.236798734284842299e-01 1.992455670207742002e-02 8.083679299768458185e-03 9.976642148793841373e-04 2.220220766127017746e-04 5.307163741647082962e-05 1.281612571713127741e-06 1.280041376401451713e-05
7.083894354434623619e-02 3.135810566809824756e-02 2.168547859174363782e-02 1.107477445237865961e-02 7.982110424738656299e-04 1.787819066511466643e-04 9.009742900386845540e-06 9.475511453311288943e-05
6.514029477635370491e-02 4.458677507951096936e-02 7.124350586134084624e-03 1.706132078874369670e-03 3.566105483406110791e-04 1.223563308574640714e-04 4.160644854270284717e-06 4.001703800149532876e-05
6.771441337250452830e-02 2.145943487210053360e-02 1.266894677209494564e-02 4.010433150252101439e-03 4.127028503147316921e-04 1.080520989802658932e-04 2.530294827574009792e-06 4.100307137610562162e-05
2.475725128009247378e-01 9.950931925351852447e-02 3.383501958785823382e-01 1.775955796810094467e-01 2.536444932000402400e-02 1.028572245598209992e-02 8.941380541448840482e-04 2.382221651517905502e-03
7.778364616480708260e-02 2.945036018306040546e-02 2.169816092667270491e-02 7.069417238393845178e-03 6.410720563313500840e-04 2.124767656079749835e-04 8.713406341747941425e-06 8.307737081872603087e-05
3.531693859980399031e-02 1.671163966590815883e-02 1.030092528037843125e-02 7.208633111616148930e-04 1.832321457008693891e-04 5.918219735317978850e-05 2.435078686434038491e-06 1.273903105550136560e-05
1.122699791194379931e-01 1.520854991061657349e-02 1.665064869610600323e-02 1.982878153843588894e-03 3.317591034976477278e-04 7.820353622446757596e-05 2.535850705920666741e-06 1.559190486303831227e-05
1.274539039167662535e-01 4.616649102209902100e-02 5.798078976039232335e-02 2.359841033427793888e-02 2.859305728967755436e-03 9.408755181168337043e-04 3.249413048354058239e-05 2.084110664268790602e-04
9.653263755304182514e-02 2.722138077273149326e-02 1.455402953667032234e-02 1.524396730927600691e-03 4.110583609420042652e-04 7.575049440885734482e-05 5.959519725169131038e-06 1.755391166113667430e-05
7.653802007166690680e-02 5.005867605298509188e-02 1.043833655920542100e-02 1.801184165091547582e-03 2.704219406743460529e-04 1.195588165299075133e-04 3.199712967185315740e-06 3.993314884704646272e-05
5.380445451263562995e-02 2.290003014932034606e-02 4.870737076788923293e-03 1.099843144250433735e-03 1.774959472191211531e-04 6.488154856520074204e-05 1.269447607621247716e-06 2.083258939168519669e-05
1.220699947568433114e-01 2.676750924676597407e-02 5.159233711856312660e-03 6.867083931682880322e-04 1.551157179777853468e-04 4.684004563910010966e-05 9.843177261900682364e-07 1.143234861079871961e-05
4.188552519371146338e-02 2.584484328524180169e-02 5.658250648632633800e-03 3.044125320871177241e-03 2.758808092216746897e-04 8.799485868944551523e-05 3.228120204646680938e-06 3.668714632200332452e-05
7.337081771491019144e-02 3.156612647982368069e-02 8.437635925388303065e-03 3.884533083400516871e-03 5.032724967181193563e-04 7.815330153774471995e-05 4.906555671051527115e-06 3.168740628423041708e-05
6.547069594690967109e-02 1.405308433629162169e-02 1.777468933213689067e-02 4.875990045396448071e-03 5.137549979933081663e-04 1.080162495390409239e-04 2.905991661757299475e-06 2.962860953016412959e-05
8.745435485873430392e-02 2.946471784911244146e-02 1.469047365844307687e-02 4.775295515572996335e-03 5.613485984580827114e-04 1.773205935016241653e-04 4.582849416289028908e-06 6.250197032271160116e-05
1.120321695299801440e-01 3.952149722038744012e-02 7.797067556913614590e-03 1.382724721887429497e-03 3.412875928557242708e-04 1.244341755155034253e-04 3.353742074438649689e-06 2.545036897267835394e-05
