1.661823755137936232e+00 -8.753810967110513958e-03 2.033327277578897530e+00 1.719916697546345630e-01 -9.879807639657203766e-02 -6.625972458067245219e-01 -6.931772815096419738e-01
1.520607065024653703e+00 5.028283696572948269e-01 2.039220954286886656e+00 3.660292003834064722e-01 -7.965986713507277120e-03 -6.058158381919143132e-01 -6.663971299418308680e-01
2.115905551866659629e+00 -1.136030171351331663e+00 2.254108417459066871e+00 5.350927565450534773e-02 -1.087519015768492886e-01 -7.109799835454271300e-01 -7.444194094034759512e-01
2.456492788557996132e+00 -5.856843669611783154e-01 2.385586594404925265e+00 1.279276264171646804e-01 -8.959469423558621970e-02 -6.762767750924758570e-01 -7.238022478589770659e-01
1.286763292746998744e+00 -4.352127350337252620e-01 2.103428893742859351e+00 9.588362511581767500e-02 -1.402923108821759746e-01 -6.813580810155687173e-01 -7.086015679081874019e-01
1.561828124232764736e+00 6.805054040227758172e-01 1.994615789143440621e+00 4.415838754693169332e-01 1.322844470584847235e-02 -5.775471269866877533e-01 -6.528326943301303587e-01
1.472573539485711125e+00 -5.474519429277412419e-01 2.018401242564066056e+00 6.960267941010118975e-02 -1.429991787290702809e-01 -6.984771161307564702e-01 -7.209121312502655421e-01
1.576765283093469749e+00 1.037190570369928150e-01 1.922668567698891051e+00 2.313998761098134960e-01 -8.137014291290947665e-02 -6.456569859999143901e-01 -6.729705600218802708e-01
2.093800254674199834e+00 1.029742743487212175e+00 2.076572633840741755e+00 3.751268186128474680e-01 -3.677115411119685762e-02 -5.918515013078752274e-01 -6.381430751184631323e-01
2.378993019231177009e+00 1.790360715996033025e-01 2.223970854172314215e+00 2.289117488966337099e-01 -8.316774687013780976e-02 -6.357058378680288113e-01 -6.660878630960691549e-01
7.500491522915759823e-01 5.109009016354651989e-01 2.291465925424089889e+00 4.609386088016929062e-01 1.212803711165733392e-02 -5.945671001657737431e-01 -6.302911308101259991e-01
1.812657265095779513e+00 -2.345249974057841413e-01 2.091930376945422054e+00 1.887045767635464333e-01 -6.782940523811584188e-02 -6.590094370980960070e-01 -6.875561984519602543e-01
6.924322575124286505e-01 1.477714977766943771e-01 2.380590684678673075e+00 2.706487009635004659e-01 -9.802150344430102247e-02 -6.513036286476827641e-01 -6.468410715021092328e-01
1.542509643755801685e+00 6.212410208904396436e-01 1.964142463852718290e+00 3.592715608141590633e-01 -1.121213323450884723e-02 -6.035717568591878468e-01 -6.505850155715310335e-01
1.850118868077459622e+00 5.215723703479748785e-01 2.026608788788180071e+00 3.441995876472443983e-01 -3.437622892702546507e-02 -6.147001529920925744e-01 -6.560882325583825558e-01
3.439314971029425738e-01 5.618490794921158216e-01 2.673640556891220932e+00 5.715514280443034778e-01 1.829995403094425085e-02 -6.127489190943837816e-01 -5.826218977411523614e-01
1.729756320969739081e+00 6.545582712687709748e-01 1.908302278372011829e+00 3.771336482364623377e-01 -2.786191861398201741e-02 -5.950105421320132093e-01 -6.392813138964982267e-01
1.490316182880327522e+00 7.301604991233088260e-01 1.979097582985568371e+00 4.315063546545701012e-01 1.769040108929299804e-02 -5.806358727819274090e-01 -6.513372052975064941e-01
2.345307693822899164e+00 8.653730148833630453e-01 2.086482013024832938e+00 3.495925047376570172e-01 -6.056976044880024723e-02 -5.938093201981039515e-01 -6.103620769660889067e-01
1.684147945824184589e+00 5.221090617040837767e-01 1.940181126348097695e+00 3.688223052745728814e-01 -1.870132674228877981e-02 -5.995476613740589045e-01 -6.481087631870202648e-01
1.323302243381184073e+00 3.004513580882966495e-01 2.093721122665352485e+00 2.814400157452671136e-01 -4.543198465767200878e-02 -6.194073802950136320e-01 -6.734839258592849598e-01
2.214392662316249538e+00 2.031746421939629732e-01 2.221088730793235211e+00 2.062841445671944607e-01 -7.236245027960136467e-02 -6.450787778589412991e-01 -6.834951531999058361e-01
1.877577785256737464e+00 3.950317597561656124e-01 2.095695245472046331e+00 2.938643688293552936e-01 -3.736867517413706985e-02 -6.207630765895076896e-01 -6.661807757043403111e-01
2.368717881905630929e+00 -2.290653941203216526e+00 2.387915822577601599e+00 -2.503023738433038034e-02 -9.790564524113062883e-02 -7.754736597019522559e-01 -8.421364147145764534e-01
1.833889474648393358e+00 -3.532417025046015735e-01 2.118832934485688213e+00 1.348999568703694862e-01 -1.082226437538701264e-01 -6.654453514834166583e-01 -7.137347752370293286e-01
1.997725712720760383e+00 1.582147946974313268e-01 2.070472364711844815e+00 2.810447961721379562e-01 -5.064043566937452556e-02 -6.218925608199625810e-01 -6.613525025081464781e-01
-2.541651154963021630e-01 4.476897841186393001e-01 3.541032031722093798e+00 6.218562972619182672e-01 -7.247312238740785673e-02 -7.002220149072833077e-01 -4.909310546698038569e-01
2.267562346125691963e+00 6.499560034797137176e-01 2.084910899379949889e+00 3.040180377197561068e-01 -6.171029264675869513e-02 -6.066086257921102787e-01 -6.237250330642838403e-01
1.616785629662929047e+00 7.480795924140505315e-01 1.946964062856230582e+00 4.742108533426306338e-01 1.035864576168042152e-02 -5.793927336360289448e-01 -6.505972556981612920e-01
1.994755668815169525e+00 9.212500238067388159e-01 2.042522573396681196e+00 3.962264183854497523e-01 -1.725818143635489757e-02 -5.857295375731347287e-01 -6.345184326043461498e-01
9.331592443519969304e-01 5.772217144371545317e-01 2.188568834012724285e+00 4.460210570681639175e-01 1.621430258421608164e-02 -5.917860067193653206e-01 -6.489345334145214528e-01
1.402569954967190613e+00 6.356687590551760580e-01 1.899475465186314604e+00 4.776014564161056297e-01 1.293706606674918484e-02 -5.789155824940912520e-01 -6.462690210768432530e-01
1.622705527811451054e+00 2.568965188370971320e-01 1.961614127763262605e+00 2.788435809773357477e-01 -5.762915371983488161e-02 -6.223477821777751995e-01 -6.716141717833671310e-01
1.716642663171444649e+00 1.919435949458477356e-02 2.036416531483445258e+00 2.139678257114258630e-01 -7.437785885586026269e-02 -6.480856567895165732e-01 -6.820942074344394923e-01
1.594737402446166241e+00 2.476602808134207301e-01 2.050248681314114751e+00 3.022919450999497215e-01 -4.049689122899041704e-02 -6.179574449699828387e-01 -6.722688000235852446e-01
1.793175532481171564e+00 -1.347638725275518201e+00 2.191143720535494221e+00 -7.617751422728842592e-02 -1.611088700894007797e-01 -7.482143285341421590e-01 -7.746242004045497120e-01
1.354982570154610766e+00 4.598664940334746820e-01 1.949897362674160695e+00 3.574138911250231976e-01 -2.283682267670142721e-02 -6.141284963124050700e-01 -6.572531193522360704e-01
2.631349022049346509e+00 -6.375388790499461611e-02 2.367079782874593086e+00 2.447220484869224999e-01 -6.394807484088430027e-02 -6.466764630557185756e-01 -6.737275234331083773e-01
2.111522996728104840e+00 3.596669900285526245e-01 2.063838292161741084e+00 2.944065569700319296e-01 -5.416781954718852959e-02 -6.189735784102009530e-01 -6.479704090454876386e-01
1.815110498158523544e+00 4.185771842631887951e-01 1.988443228495987425e+00 2.751617660396396547e-01 -6.175440244068407247e-02 -6.187078282273883456e-01 -6.586527400476920313e-01
