-2.364998123188712109e-01 5.603278595145888552e-01 1.969984814447526045e+00 3.914000159027573589e-01 -2.320174193695646314e-01 8.114866020626790855e-01 -2.785365406916491260e-01
1.634128838382044591e-01 8.253165152194479326e-01 2.020274170963010985e+00 5.828900491890918190e-01 -1.404053595564498380e-01 7.122271938191231389e-01 -2.695152903548349022e-01
-5.360753612754548536e-01 1.253665026754769152e-01 2.062574913488878003e+00 2.800512538067596591e-01 -3.024758171440015131e-01 8.987794224888424610e-01 -2.842735958745669089e-01
-5.826809509588900537e-01 4.414157278869405010e-01 2.219598950015906791e+00 3.427799567137703174e-01 -2.629923289608138148e-01 8.506333320871739545e-01 -2.715691643175988101e-01
-5.111283022163165546e-01 1.364690426724145256e-01 2.043218331437699042e+00 3.505223394523926395e-01 -2.552103927428108210e-01 8.478295796482024915e-01 -2.817735645742689421e-01
-1.378325621426095826e-01 9.177924382587179242e-01 1.878127934865030380e+00 6.506571131798719598e-01 -1.199780091259605441e-01 6.760768918958264262e-01 -2.573869817777216240e-01
-3.467917276562936801e-01 -4.525455625157359663e-02 1.964067981981798772e+00 3.409355087502700110e-01 -2.767585927755834563e-01 8.764949590685605640e-01 -2.863125270162007463e-01
-1.957512313364583867e-01 5.099010861954524909e-01 1.762715449977118265e+00 4.271992359988231458e-01 -2.118193432760038797e-01 7.900352963377856863e-01 -2.753703393345850459e-01
-1.914008269731841960e-01 1.024410735886151613e+00 1.828552877423618606e+00 5.828506974709459776e-01 -1.389056074363408944e-01 7.030179482312852723e-01 -2.614607151958399101e-01
-1.302670114057192519e-01 7.498491603108478065e-01 1.945451794868314099e+00 4.061838267951325965e-01 -2.083218743688489971e-01 7.910204227426025358e-01 -2.642690271062399510e-01
-3.370052000823094973e-01 8.930795805989421021e-01 1.709550654667823189e+00 5.996700453999274094e-01 -1.339564988890414310e-01 6.907386078490250769e-01 -2.582250083355386305e-01
-4.584150418936654425e-01 4.613382407413031960e-01 1.956310428041821980e+00 4.073543143224317986e-01 -2.134705034013102964e-01 8.006419551918061428e-01 -2.812469207279072458e-01
-1.401300631640150507e-01 5.261723400669140460e-01 1.804913298722349069e+00 4.341274463346299073e-01 -2.038040010819892889e-01 7.829978695627424212e-01 -2.741766127062057468e-01
5.747953296184445809e-02 8.091213002605334159e-01 1.852050037107763725e+00 5.617593592563577820e-01 -1.349554523601825817e-01 7.125276411110620378e-01 -2.665353591413965328e-01
-2.686713435147724538e-01 8.060859555788860709e-01 1.852043397826546478e+00 5.476293249447348188e-01 -1.568365532316825517e-01 7.252072383274000833e-01 -2.721753283330339279e-01
-5.384456044245277545e-02 1.005169766045949764e+00 1.611930212278386287e+00 6.284114326756788937e-01 -1.226877123273550779e-01 6.760445184039729494e-01 -2.566000622131156539e-01
-4.317054026969500968e-02 9.294820676675165094e-01 1.628181382818951750e+00 5.476656098686435437e-01 -1.474614322261553478e-01 7.157468455232798288e-01 -2.635162291641195420e-01
-1.734534012412847770e-01 9.587925152133063289e-01 1.806569899657359590e+00 6.282215454521918874e-01 -1.154747817810376220e-01 6.837515626342970387e-01 -2.590950900653785083e-01
-5.531114149492265264e-02 9.119691822575485274e-01 1.774442887744989816e+00 5.127591219918494758e-01 -1.491087844886495872e-01 7.291766602343061621e-01 -2.581782128445883617e-01
1.880477710048134021e-01 7.004527503595197047e-01 1.868547889684698537e+00 5.644343438189998174e-01 -1.349846177685296023e-01 7.151921036186141833e-01 -2.637006005370759465e-01
-2.473831244349424252e-01 7.269268082641481277e-01 2.007416959102350962e+00 5.023310167432708528e-01 -1.814347383987438278e-01 7.448952231468584095e-01 -2.679158102953719811e-01
-2.534261109512054855e-01 8.035753232768778620e-01 2.085836193675318917e+00 4.215275668985203339e-01 -2.049828679381684726e-01 7.921164237603736114e-01 -2.721162334696418106e-01
-3.572778652011415756e-01 7.356440967699273692e-01 1.917765799278552397e+00 5.158958172333530934e-01 -1.707552107406878072e-01 7.381278898098405650e-01 -2.714467414048399863e-01
-3.307857554103834086e-01 -1.268664052297818756e+00 2.121208105879929473e+00 3.775165574924734258e-01 -3.655061388856797322e-01 1.041035690958479920e+00 -3.016713494368885584e-01
-4.822373430760054647e-01 3.739067329169495357e-01 2.141518657364018807e+00 3.695864203027686701e-01 -2.541895403705541345e-01 8.314418507880739773e-01 -2.696486386740155061e-01
-2.535883754680641200e-01 6.123025955194383307e-01 1.888931634027150031e+00 4.749420195849101134e-01 -1.851012752561790042e-01 7.581322197995558065e-01 -2.666601797167055810e-01
2.063002773321706007e-01 6.673859202593294127e-01 1.811829990753718755e+00 5.572447232702494313e-01 -1.234599191258604345e-01 7.106445448788903940e-01 -2.671999223629717424e-01
-8.876824031262926795e-02 7.717382827769239118e-01 1.787228773485930011e+00 4.763937729373313723e-01 -1.654580599009930486e-01 7.466979707996123095e-01 -2.610164129452097748e-01
-1.369096607446409208e-01 8.871471178206183916e-01 1.861251005630767619e+00 6.772558652312947736e-01 -1.137535511292667445e-01 6.718325064949347558e-01 -2.604943125535715831e-01
-3.137300235762158218e-01 9.004615323603196719e-01 1.869561125912312827e+00 6.007023409359242283e-01 -1.268932823761804995e-01 6.896601483522810661e-01 -2.604634959193370403e-01
-7.519239733805338499e-02 9.772180559243508480e-01 1.839363802391653868e+00 6.188092782582154117e-01 -1.325128541386685344e-01 6.920508324624433660e-01 -2.604692609242821866e-01
-1.182861803055829941e-01 9.449491155464271319e-01 1.684467486389302771e+00 6.601558312176990517e-01 -1.228629062297105917e-01 6.746953405831118689e-01 -2.592235814201678812e-01
-1.475544322834995148e-01 6.605192850541244942e-01 1.823380713116781626e+00 4.753538912262951222e-01 -1.886408260987536556e-01 7.661101820516387217e-01 -2.650608298486481496e-01
-2.834611361444998590e-01 6.200820660831604103e-01 1.968737345554605112e+00 4.251657981032647693e-01 -2.098331802600712781e-01 7.892799123935764216e-01 -2.762365741734674196e-01
-2.433956304433540219e-01 6.709520826363313262e-01 1.971706103911653463e+00 5.229153707023409536e-01 -1.766339987413934887e-01 7.383956718017942178e-01 -2.691018498865589414e-01
-6.137690117977132598e-01 -2.128280000932985527e-01 2.134325003339177407e+00 2.146624754370727861e-01 -3.443151618374010736e-01 9.623815080988368242e-01 -2.914994271473127507e-01
-1.963424379742040593e-01 8.157817785307500680e-01 1.775479616691199913e+00 5.505155791730583781e-01 -1.620852769231113100e-01 7.244880742977427568e-01 -2.708046597771155972e-01
-3.554548690637103214e-01 6.031690177933485275e-01 2.001244749971722747e+00 4.066280402457071452e-01 -2.091810151369705717e-01 7.988426430282046242e-01 -2.707926501389568696e-01
-1.788786616533307727e-01 6.893924692984512159e-01 1.833595416570898751e+00 4.784472619115107683e-01 -1.782668485192059615e-01 7.576897822519137460e-01 -2.664680325366503566e-01
-2.204192924467925918e-01 7.275060247615474651e-01 1.803810280494218654e+00 4.718259540687725906e-01 -1.876110948451445160e-01 7.559083168817701814e-01 -2.644770734719933958e-01
