-1.577682242039288307e-01 -3.391963806438138551e-01 -2.010437597659812781e+00 -3.832216278366419315e-01 -8.043281010767812378e-02 9.309690513812112211e-01 -1.220988282815541892e-01
1.888199881520109258e-01 -9.046885462965330582e-01 -2.037438500751127535e+00 -5.321983697752445952e-01 9.653352519470097259e-02 8.562837378005327960e-01 -8.321643872894554650e-02
-4.460321839153548185e-01 2.965249417315951597e-01 -2.182568582803920965e+00 -2.979508080632660150e-01 -1.980217181047509989e-01 1.002096206493022335e+00 -1.581611188020363157e-01
-5.245171419171773541e-01 -3.244015656693057803e-01 -2.531865205584446166e+00 -3.353920121539391008e-01 -1.416106956211024281e-01 9.591043785532878951e-01 -1.462076078324883455e-01
-3.731347991158102673e-01 7.304041142663120212e-02 -2.092775978911807222e+00 -3.272307355654402450e-01 -1.275346164549991668e-01 9.613524647348239416e-01 -1.355183091569035214e-01
1.957201741013207541e-01 -8.400851851024165873e-01 -1.964922917586235940e+00 -5.786583447876860742e-01 1.531398545239618103e-01 8.211087903724683112e-01 -7.690447926899041109e-02
-2.297308454939339106e-01 3.194407643352510373e-01 -1.964527734132231584e+00 -3.285475828134792331e-01 -1.405165208115867759e-01 9.895615286833370217e-01 -1.438791016792931587e-01
-7.644385460829605794e-02 -6.338659430045703314e-01 -1.950734200257834283e+00 -4.006749933800815566e-01 -4.017350205219716308e-02 9.014082049217143622e-01 -1.162412787985429297e-01
-4.767504474872159836e-02 -9.312168188070727437e-01 -2.008505653820999548e+00 -5.490478759049283175e-01 1.068617150494595297e-01 8.407234201573360322e-01 -8.582433304956156583e-02
-6.174446137045523642e-02 -7.155706742518528340e-01 -2.081265703750194263e+00 -3.985274916590662020e-01 -4.738274497128804053e-02 9.039031820617321467e-01 -1.249586941563031878e-01
8.127289983117834404e-02 -6.160118674164528629e-01 -1.831561509864216397e+00 -5.380122022991044028e-01 1.287313583401745176e-01 8.266107560703371826e-01 -8.320019986936358358e-02
-3.863773949772111305e-01 -2.994360474340449496e-01 -2.155185319241296416e+00 -3.734925304271853319e-01 -5.946992837302299967e-02 9.233157560731228841e-01 -1.143204667174790856e-01
-6.046541127721679482e-02 -4.899414940049537925e-01 -1.869151195865226489e+00 -4.031386598536408905e-01 -3.256783075280368644e-02 9.006388168001884242e-01 -1.130644073405184802e-01
1.473715748951028304e-01 -8.202343279898902662e-01 -1.881264174032992731e+00 -5.100680695068560144e-01 9.107490386812047700e-02 8.484214644381509185e-01 -8.591759857446498727e-02
7.469248590214605521e-02 -8.683278678308073983e-01 -2.027567516190099450e+00 -5.062972019052374151e-01 6.837246625077483819e-02 8.632752721870851076e-01 -8.674470157175068197e-02
1.506588986017831644e-01 -8.892661984411824871e-01 -1.729349312405183081e+00 -5.675544770976581610e-01 1.563004046697402116e-01 8.113376069825389836e-01 -7.813394361350339823e-02
6.078642198167929361e-02 -9.502578697963995902e-01 -1.829381566077414645e+00 -5.167586508917781929e-01 9.524118611557656766e-02 8.395878179170580546e-01 -9.140801298288681043e-02
-1.345757079134730361e-01 -9.194624621321865199e-01 -1.947789008299229518e+00 -5.653950676333887593e-01 1.545502789282244827e-01 8.240600129762375436e-01 -7.865324895097269842e-02
-1.193784546283657294e-01 -9.275774287876668023e-01 -1.968453547692306849e+00 -4.840990591644380170e-01 7.302695218369048558e-02 8.482105720661693438e-01 -1.017621239853593179e-01
2.468783051279625218e-01 -9.276713995389509471e-01 -1.895308378368163238e+00 -5.027840178888519640e-01 8.942306074102980562e-02 8.481889223538116029e-01 -9.044676061150194735e-02
-3.691000164780880444e-02 -5.959884415487266551e-01 -2.039592165473220753e+00 -4.622503990600885793e-01 1.949254971955270005e-02 8.770161964181935055e-01 -9.998967137223595258e-02
-1.469628358816922886e-01 -7.989292046459900432e-01 -2.346145859634801933e+00 -4.094888628417279186e-01 -3.566246977799061857e-02 9.153424906986300513e-01 -1.171432644791203376e-01
-2.690862027156715186e-01 -5.971943503965665423e-01 -2.065693645922507926e+00 -4.733154776877447345e-01 4.103375509462196813e-02 8.721552422335644428e-01 -9.349010038176823467e-02
-3.279491753921863761e-01 1.498614330463078570e+00 -2.216011179949912258e+00 -3.140223420919263653e-01 -2.502536590926767723e-01 1.132703884929794569e+00 -2.137147795087284141e-01
-3.659750120882523383e-01 -5.976418924555240708e-02 -2.136192003433816655e+00 -3.659952078346220272e-01 -1.173859359708575995e-01 9.466174711449910628e-01 -1.388503816222568799e-01
-1.783790533210701801e-01 -6.087430896837677796e-01 -2.060096393327560449e+00 -4.409800070595201738e-01 6.393412258779734847e-03 8.803119480606704794e-01 -1.072508565066519343e-01
1.907675042941638088e-01 -7.169576771635495227e-01 -1.737157850310594887e+00 -4.886183104940691191e-01 9.204394514157772378e-02 8.447085856016490757e-01 -8.488942086338514825e-02
-8.516427872975943295e-03 -7.855506072749838253e-01 -1.961313451229419469e+00 -4.471477973182687582e-01 3.187104047805258689e-02 8.638429192372052423e-01 -1.075671989724082261e-01
9.743587461210816147e-02 -8.336416242494997242e-01 -1.933186195641493965e+00 -6.005757960715953914e-01 1.716319207445541339e-01 8.200423319507713638e-01 -7.260956433723086967e-02
-1.569142999424725238e-01 -8.183439964611911588e-01 -1.977269548716208858e+00 -5.467619819773846812e-01 1.230639146888631436e-01 8.305731403604772467e-01 -8.045580900431281712e-02
1.986761318531174436e-01 -8.998228264684567934e-01 -1.924274299700338586e+00 -5.615229434844403178e-01 1.278033477382936600e-01 8.327266891914297808e-01 -8.231056057820679284e-02
-3.099322144637420839e-01 -9.165505462865239927e-01 -1.876083233257073601e+00 -6.020503113494388714e-01 1.747117593148749537e-01 8.141802455273665640e-01 -7.432114581174492640e-02
-1.147990399950684151e-02 -6.677528537745940351e-01 -1.951733349637633896e+00 -4.391855937114759190e-01 5.621949393630527696e-03 8.839289809795461972e-01 -1.132171695276667084e-01
-2.532147506761658895e-01 -4.903775649670730763e-01 -2.115211135798947595e+00 -4.016413621992123151e-01 -4.199159115010054483e-02 9.110176770082469844e-01 -1.134608160366822882e-01
-4.743997918795124502e-02 -5.749070401119832363e-01 -2.057507035762222714e+00 -4.730932060291433428e-01 3.481666496372391728e-02 8.726060417972896222e-01 -9.565037460671181602e-02
-5.259516201916938360e-01 6.232808348052096825e-01 -2.223367153480915626e+00 -2.433914129222414235e-01 -2.752217755803504917e-01 1.059749634381623062e+00 -1.805564246083220248e-01
-1.458560281950096460e-01 -6.892649489173776622e-01 -1.917839829792666428e+00 -5.069394772908555336e-01 7.291521021479158149e-02 8.576359255322143493e-01 -8.801925789771464226e-02
-3.034271606452046965e-01 -5.557725910751558640e-01 -2.292993307589801244e+00 -3.876998433594184834e-01 -4.912663063771910421e-02 9.153309537173315302e-01 -1.219416784762502037e-01
-6.185068469995103763e-02 -6.800409956165721637e-01 -2.037299247710413042e+00 -4.436159671759071221e-01 1.860427683446048974e-02 8.772084391774258583e-01 -1.079814007056132952e-01
-1.470428980624921000e-01 -5.871196559817586369e-01 -1.946936929704770280e+00 -4.424727700287792720e-01 9.893937270580181742e-03 8.742629957533147866e-01 -1.091526933987517767e-01
