-4.189895388197457660e-01 1.536669398069564707e+00 5.316141234319315956e-01 -1.835524955070802822e+00 -8.543793059654999356e-01 2.192346730875827654e-01 6.580877511909812849e-01 -6.149901986368496720e-01
-1.020775520352656507e+00 1.207472622209790014e+00 7.383101725910248270e-01 -1.773312136144159279e+00 -1.038373442957004844e+00 2.988393570291560941e-01 6.040770456878509220e-01 -5.264345313090206258e-01
1.659208144586374334e-01 2.396100306443930350e+00 1.138012224505463299e-01 -2.120707573805888924e+00 -7.865673134107874498e-01 1.634451214482935955e-01 7.056550512783014151e-01 -6.810448379983361500e-01
-4.328677431065299230e-01 2.520100410217571696e+00 5.066426958596748076e-01 -2.197858682822812160e+00 -8.850691447851816163e-01 2.096273291605991185e-01 6.733639226564661628e-01 -6.398805282670529948e-01
-1.440690377223815266e-01 1.356578992827044194e+00 2.223045569413431011e-01 -1.979230969983739152e+00 -7.952736350910716290e-01 2.045470471362487164e-01 6.765814793807591876e-01 -6.513498344148186403e-01
-1.180401388934090523e+00 1.195071623151312989e+00 8.263288383214003607e-01 -1.697096317227106299e+00 -1.085265315212013082e+00 3.350438640487037323e-01 5.765483482741350363e-01 -4.948291569836659187e-01
-1.969018916099933292e-01 1.548099041072892090e+00 1.691996692869467134e-01 -1.889216210432881571e+00 -7.440854870449442604e-01 1.829798937402861425e-01 6.921436885125944460e-01 -6.723264953974660285e-01
-5.449417567853503952e-01 1.396568118920730628e+00 5.321249266690251112e-01 -1.716230553384177515e+00 -8.679997381980472104e-01 2.461879430113884937e-01 6.419494961438846348e-01 -5.830831426171155796e-01
-1.379171333899918972e+00 1.567228971239894797e+00 1.112894595863403557e+00 -1.745775986765282894e+00 -1.046762732809691565e+00 3.198457945761458143e-01 5.910441257516098057e-01 -5.098180827515182978e-01
-5.595003952773771605e-01 2.122260248654006531e+00 6.887891025661153632e-01 -1.929192371266074568e+00 -9.454277031178516255e-01 2.561696499395654802e-01 6.338249281805010682e-01 -5.756720167916398179e-01
-4.061294908471989040e-01 6.811081975279646983e-01 8.334338785571600017e-01 -1.903828317366908829e+00 -1.123390960026689589e+00 3.654742408179758040e-01 5.936926724511959463e-01 -4.753208136428883068e-01
-5.081336443152137949e-01 1.786824168217057807e+00 4.835900500830369042e-01 -1.904952775832874590e+00 -8.736386501674076044e-01 2.191760336800827602e-01 6.555622838563029964e-01 -5.943380195952704392e-01
-2.575714015777002541e-01 6.549350565442285665e-01 5.214783838583763043e-01 -2.158711555728677567e+00 -1.006898735025471225e+00 3.196900576581212516e-01 6.549990862749281995e-01 -5.433732249211640219e-01
-8.715578261376252245e-01 1.139583502064040577e+00 7.859863444931648457e-01 -1.702363602299005629e+00 -1.020489919518444477e+00 2.924030644023454251e-01 6.026348112772620391e-01 -5.147451637254166767e-01
-1.206430241764423705e+00 1.544378321179066704e+00 8.744439703130714170e-01 -1.772016168483968146e+00 -9.875179113652421403e-01 2.985306729251364088e-01 6.127020427363852884e-01 -5.299159191449591688e-01
-3.464475271588915994e-01 1.378666728699656230e-01 8.310440191708585722e-01 -2.360326292568977635e+00 -1.334956971504912993e+00 4.976882130392010772e-01 6.273052047910721019e-01 -3.877417217546889061e-01
-1.069447207328583227e+00 1.353843991068607311e+00 8.362017987722717427e-01 -1.634318307958154692e+00 -9.952040332338221162e-01 3.121641033510497154e-01 5.932552113556203155e-01 -5.094555370337592315e-01
-1.118764730512435523e+00 1.073314199600696961e+00 8.058803064199008270e-01 -1.699400521325226121e+00 -1.090849461653937036e+00 3.255021629739265343e-01 5.800379499868907329e-01 -4.918145870813291354e-01
-1.470747778954349716e+00 1.849907043659027028e+00 1.095922522297599455e+00 -1.781262025464571019e+00 -9.842801564959600125e-01 3.226444080879680154e-01 5.938231530357971355e-01 -4.945971876310171766e-01
-1.151304154908056265e+00 1.373517510144695253e+00 7.634273624746833464e-01 -1.687338296316136743e+00 -9.890706422665874742e-01 3.042004885946781867e-01 5.973628712325629309e-01 -5.124077498884620496e-01
-4.676123679043350245e-01 1.130821203592698110e+00 6.882506845045184285e-01 -1.872792293659224949e+00 -9.794616111857753493e-01 2.705987928186092129e-01 6.178299587717295260e-01 -5.568405127223851059e-01
-7.332798127827017121e-01 1.981674344284222622e+00 7.448278345204113471e-01 -1.961700919787338293e+00 -9.384806331059070139e-01 2.337655452180147364e-01 6.422076627941191163e-01 -5.889417587001912757e-01
-3.142967838259481117e-01 1.667656997807981822e+00 6.808989226809027961e-01 -1.823226027085733003e+00 -9.914119309118651913e-01 2.677185336551133332e-01 6.184894478004618890e-01 -5.478185850321620753e-01
2.797949207698269269e-01 3.060261875738970794e+00 -1.356740353365634977e-01 -2.358899112498930251e+00 -7.176692933045800693e-01 1.368034748064902162e-01 7.678728835892546511e-01 -7.680832965686963387e-01
-1.206871444374280206e-01 1.848235521163528183e+00 3.820433164984757268e-01 -1.943690554928316327e+00 -8.388380907815875531e-01 2.037434424695356572e-01 6.600881229694856023e-01 -6.409025308711524538e-01
-9.911319238492363182e-01 1.823885641372273048e+00 7.486557846624621870e-01 -1.851429188482769383e+00 -9.330903431503980716e-01 2.718897789571299572e-01 6.195945914239254781e-01 -5.473954275254966362e-01
-1.291927701417474317e-01 -1.190991803272116595e-01 7.671637460701904443e-01 -2.840560476895012787e+00 -1.392840882553598059e+00 5.654531162056837257e-01 6.929444453860654773e-01 -3.561822490360682658e-01
-1.195876656815308747e+00 1.840869381260622717e+00 9.566745967108568616e-01 -1.790614305726949018e+00 -9.577226104271356899e-01 2.901644174102989693e-01 6.061803872513672475e-01 -5.168892261805191346e-01
-1.189478153983041908e+00 1.224144673813476025e+00 8.758073780526896002e-01 -1.641577519195267287e+00 -1.092004604960994829e+00 3.581879156602079672e-01 5.784423498387273321e-01 -4.900088872929984629e-01
-1.346654360783009707e+00 1.504980222572932513e+00 1.048853416973735575e+00 -1.723626045524500494e+00 -1.050498708968069961e+00 3.223453428503793572e-01 5.851005445030699192e-01 -4.964537552264519649e-01
-5.048486601895608716e-01 6.641920635513341997e-01 8.612741036979958409e-01 -1.932449127996810345e+00 -1.147880052599014711e+00 3.676304896507417430e-01 5.968294674738596761e-01 -4.795612008840105522e-01
-9.939639088866526473e-01 1.069678439619534904e+00 7.773176880879977269e-01 -1.609584275088816741e+00 -1.084258584852303642e+00 3.592358505253309131e-01 5.781944613755504170e-01 -4.842488529003174391e-01
-5.465145453757698224e-01 1.359955198618374217e+00 6.286779592764984992e-01 -1.731180295725951224e+00 -9.326664061673193284e-01 2.649668289956729761e-01 6.194453459205327972e-01 -5.648812719461772103e-01
-5.208934681688328627e-01 1.589371214197142557e+00 5.454694203835624977e-01 -1.825800240422357668e+00 -8.890244241142362114e-01 2.355530402001321799e-01 6.444734360421036090e-01 -5.894839957831136124e-01
-5.285477678059438134e-01 1.408920559165372177e+00 6.583532769250961536e-01 -1.803508068500862427e+00 -9.729601593804789728e-01 2.763505322322938329e-01 6.156418555835162509e-01 -5.535775351096849928e-01
8.710014471617043286e-02 2.177869742093714756e+00 -4.841964588801381253e-02 -2.126117055453348392e+00 -6.602094745194052594e-01 1.088441237054738192e-01 7.406489798264631608e-01 -7.477916492032331552e-01
-5.529499608849476333e-01 1.057155241845148197e+00 7.308616696011901448e-01 -1.708285388532965188e+00 -1.006909758929255050e+00 3.042641937285687215e-01 6.133667034381213856e-01 -5.256501792163896791e-01
-1.038937107517752034e+00 2.521511713437289970e+00 8.668681020036297369e-01 -2.154763572266123361e+00 -9.622994202240406914e-01 2.753179058424152226e-01 6.465926002841057008e-01 -5.634986717492983521e-01
-9.020644351394828675e-01 1.817725646372854609e+00 7.863132655146207739e-01 -1.795720088453979013e+00 -9.532923164566818874e-01 2.797186565015327142e-01 6.173494343554675190e-01 -5.383536494673717421e-01
-5.029195590144840411e-01 1.529120773400949984e+00 7.179156313984849103e-01 -1.730034192721330522e+00 -9.419092915045434999e-01 2.638427886723473392e-01 6.160475179465256801e-01 -5.563255693444830730e-01
