8.737094633567543678e-01 2.448815221394949670e+00 -2.470562916280509003e-01 1.633338313313628942e-01 8.284187829294448191e-01 -2.015878728143034315e-01
5.959318791855412467e-01 2.601587337190955473e+00 -4.386633979671474282e-01 4.210473427306486716e-02 7.250752840615725114e-01 -1.982267712650080393e-01
1.870467209335782588e+00 2.515158372330523306e+00 -1.065326056959144951e-01 2.361258141861949378e-01 9.178487312445305912e-01 -2.017919551116895693e-01
1.619633385254724667e+00 2.810757443453480775e+00 -1.695533118221297098e-01 1.822214487572096642e-01 8.678807530903155376e-01 -1.908965305952254887e-01
1.635139700969622689e+00 2.389769110208096681e+00 -1.873534004616513038e-01 1.919784080919629266e-01 8.663402524601631072e-01 -2.038027347106459997e-01
4.334845727231437240e-01 2.557747862146478202e+00 -5.051173565177234925e-01 1.149884085981757453e-02 6.859538641180592533e-01 -1.876360635390372233e-01
1.341850848858265444e+00 2.290210663619587361e+00 -1.450027426463589841e-01 2.210432400383353369e-01 8.956053754192053740e-01 -2.036525007804916021e-01
6.556009355059870813e-01 2.238219138853459356e+00 -2.854826081280618655e-01 1.355797779008922621e-01 8.031932689234441147e-01 -1.973545984258134878e-01
3.425414283453847020e-01 2.566119255192276682e+00 -4.363944971415500418e-01 4.238823021246439920e-02 7.148055898712436518e-01 -1.899290383550733818e-01
6.964343349441374231e-01 2.522000449965923874e+00 -2.561348147406123377e-01 1.399904214143174730e-01 8.059709739917533255e-01 -1.865144601337374031e-01
3.503570523766254552e-01 2.419381840824126328e+00 -4.618733778916195298e-01 2.412925029843505931e-02 7.003324974307096884e-01 -1.857592747555383839e-01
1.342531991448986606e+00 2.482729760712974798e+00 -2.619156563034731877e-01 1.369589980418448594e-01 8.144697243246640239e-01 -2.048527669016056429e-01
8.468615771278136251e-01 2.366475098020374812e+00 -2.839650323203848914e-01 1.269940890594200844e-01 7.952835420010337941e-01 -1.957957779755388761e-01
4.241047866653890330e-01 2.459304676619865848e+00 -4.141989368710091157e-01 4.339677651802741759e-02 7.248381364292071360e-01 -1.945037835827652106e-01
7.137593935916669574e-01 2.474945180960336000e+00 -4.109157743133244334e-01 6.534135054442888335e-02 7.377336017899542853e-01 -2.004025079491572048e-01
5.206898652841567693e-02 2.355304167819687322e+00 -4.977839938085114602e-01 4.668725938468410060e-03 6.836887383157953524e-01 -1.860123579425504159e-01
2.041282485357910070e-01 2.303420801545289276e+00 -4.219016669210117754e-01 4.660958621335521690e-02 7.231920522232677673e-01 -1.886381278654026550e-01
2.353501664898982604e-01 2.518572956560687803e+00 -4.829583006719757043e-01 9.634313062374326442e-03 6.937023225373708524e-01 -1.875145650272478093e-01
1.932296378682781257e-01 2.285010905826965644e+00 -3.784430576603574070e-01 6.222702751818316030e-02 7.414032332708316853e-01 -1.843346275074822793e-01
4.123292796916657732e-01 2.351852639787391119e+00 -4.152865678704756869e-01 4.509389788718989184e-02 7.275930259436544922e-01 -1.904980729935588368e-01
7.947502353349050752e-01 2.590059564429803451e+00 -3.598555572592210261e-01 9.256669269541338563e-02 7.575313230437523693e-01 -1.943661813192028298e-01
8.891454033852771444e-01 2.701812247337129325e+00 -2.691816531415695546e-01 1.299756538792874727e-01 8.056826550519895491e-01 -1.945735442820695771e-01
9.556063239963512590e-01 2.628970420719352941e+00 -3.743894563348375559e-01 7.845059147455114845e-02 7.498973256366913143e-01 -1.986110964919305943e-01
1.942488271438608249e+00 2.341832208851001074e+00 2.834650566817977640e-02 3.288672237809938115e-01 1.062183057719633617e+00 -1.892649241924722892e-01
1.551077306799665489e+00 2.573020861162375716e+00 -2.010357876696803603e-01 1.801835584399448520e-01 8.522791652368715276e-01 -1.919450592853919613e-01
9.425198481284517982e-01 2.431908900532403717e+00 -3.259121229907274153e-01 9.961817497821912060e-02 7.705142933157143048e-01 -1.907468596956048978e-01
4.356255480503709032e-01 2.316789929820186611e+00 -4.101494400819239994e-01 4.145104342338680470e-02 7.233858054918153035e-01 -1.950439211808391859e-01
3.299483162634608280e-01 2.306378940286093915e+00 -3.334565166484288468e-01 8.323999334295839603e-02 7.589752695041326325e-01 -1.856603675731427761e-01
4.933035471585356380e-01 2.485055966479635003e+00 -5.309353440326456397e-01 4.271254991528878470e-03 6.840530086036952229e-01 -1.918042863433796208e-01
5.702937179768796661e-01 2.536455353440654203e+00 -4.559644590135775166e-01 2.708441979788516266e-02 7.011142566828253431e-01 -1.901709282376375931e-01
2.597264786758666788e-01 2.516620046908196962e+00 -4.725277507210377537e-01 2.762288413690471359e-02 7.027399050174957251e-01 -1.891051430582036674e-01
3.026507809257436565e-01 2.337774550014675157e+00 -5.244427052000363298e-01 5.389837710811536987e-03 6.842879202629064128e-01 -1.899633983353141153e-01
5.520754944369117290e-01 2.354741869213427208e+00 -3.274484511619598082e-01 1.016289505942752774e-01 7.772014351668112830e-01 -1.868802530850160459e-01
9.597258985454274471e-01 2.460887541362458908e+00 -2.804540908496752638e-01 1.325750166017154175e-01 8.037464977309598524e-01 -1.999563412699237319e-01
1.002758547581627635e+00 2.562363817279712297e+00 -3.807859082798794592e-01 8.407085754574668279e-02 7.510935307941470906e-01 -1.961939870162767996e-01
2.003465680495796430e+00 2.378389074710006934e+00 -2.934322271728669052e-02 2.905282100118417588e-01 9.830702980976173677e-01 -2.062558358915518864e-01
4.911552481746109255e-01 2.396973865616560673e+00 -4.142322357031111291e-01 5.919340952531552957e-02 7.356219826242496040e-01 -1.989146763359172787e-01
1.012904198544052337e+00 2.544930525054842185e+00 -2.518580582194273054e-01 1.347996225274796789e-01 8.147937633471872276e-01 -1.935028174222652164e-01
6.028365148533090245e-01 2.374824994655113208e+00 -3.273518435715795927e-01 9.260018251462839856e-02 7.698068389812291468e-01 -1.896748752173461339e-01
5.530719732521230947e-01 2.413533913735423031e+00 -3.279871571030182897e-01 1.026663042397619047e-01 7.678926387099682671e-01 -1.876454678272959087e-01
