8.725551631954864273e-01 2.448570286530601159e+00 -2.470222186025005096e-01 1.633580784691545940e-01 8.284180926298939651e-01 -2.015810886049064776e-01
5.950417132958849553e-01 2.601308561307434708e+00 -4.386337433353300619e-01 4.207784699709894716e-02 7.250711107899723284e-01 -1.982295341216612494e-01
1.869627854275329293e+00 2.515148164595043756e+00 -1.064843559424076824e-01 2.361296752027662871e-01 9.178464711593712355e-01 -2.017872248331868401e-01
1.621027274267397011e+00 2.810412585244889350e+00 -1.695691044187054020e-01 1.822339101116716154e-01 8.678614331480409838e-01 -1.908978972517085260e-01
1.635018244892048278e+00 2.389481712202588426e+00 -1.873205100297452574e-01 1.919912076702605941e-01 8.663492804124298674e-01 -2.038005405488024779e-01
4.326673987977418534e-01 2.557400252048620093e+00 -5.050904000430811447e-01 1.150018246067820334e-02 6.859517844971416700e-01 -1.876397859548541436e-01
1.342526042984037105e+00 2.290045256822275554e+00 -1.450226171552586041e-01 2.210250248395224659e-01 8.955938162325501883e-01 -2.036404406829610547e-01
6.540814264595885552e-01 2.238413852919447500e+00 -2.854539510534565006e-01 1.355588388899592878e-01 8.031885944865955196e-01 -1.973381427455923598e-01
3.407935990941463045e-01 2.565797910693041306e+00 -4.363928207087791611e-01 4.239810101459166869e-02 7.148017886921977926e-01 -1.899264917756057491e-01
6.957214413102505990e-01 2.521737311809664206e+00 -2.561347519291363173e-01 1.400299852527695510e-01 8.059658685630483044e-01 -1.865161098859018651e-01
3.491517921185036122e-01 2.419096534563556666e+00 -4.619014601729027891e-01 2.411545340921194755e-02 7.003267752946074065e-01 -1.857551002212340652e-01
1.341639762711735129e+00 2.482677926914590216e+00 -2.619181820233789093e-01 1.369545054220959179e-01 8.144734182348585261e-01 -2.048546213706261554e-01
8.452979991928297743e-01 2.365961079240880505e+00 -2.839359939664097832e-01 1.270090271789973135e-01 7.952844429433219009e-01 -1.957865950711179248e-01
4.228451445928996799e-01 2.459207269223612435e+00 -4.142188226706641219e-01 4.340621816943799477e-02 7.248276215344741091e-01 -1.945041334822540657e-01
7.141101334996262651e-01 2.474694742484833565e+00 -4.109183266975513504e-01 6.533747829294360432e-02 7.377302192423754734e-01 -2.004000689385484757e-01
5.038835030040996615e-02 2.355091027609172549e+00 -4.977847286872340016e-01 4.660364013517039224e-03 6.836880103048246227e-01 -1.860076926154570764e-01
2.031447844028924921e-01 2.302902961954626182e+00 -4.218879650286805338e-01 4.663693650217229369e-02 7.231843317537831606e-01 -1.886250354017272035e-01
2.346958790984150500e-01 2.518158061647322477e+00 -4.830014091074160687e-01 9.620737964539145468e-03 6.936979720793017279e-01 -1.875127460377938871e-01
1.942557529710173259e-01 2.284844245752414960e+00 -3.783786811501951286e-01 6.225092454277152826e-02 7.413888868203637461e-01 -1.843118197961555182e-01
4.116100119446555738e-01 2.351661838096208434e+00 -4.152160590467747214e-01 4.511302265588866545e-02 7.275857843208219933e-01 -1.904906901320173040e-01
7.944798655753284589e-01 2.589770899973378615e+00 -3.598050524645964310e-01 9.258967674789113367e-02 7.575311585927395619e-01 -1.943688305557711438e-01
8.897712491082290232e-01 2.701675754552827158e+00 -2.691846016689866117e-01 1.299736397125665632e-01 8.056771664109658726e-01 -1.945732751922862602e-01
9.560491783384551523e-01 2.629025979252251677e+00 -3.744371443453528014e-01 7.847493892400990434e-02 7.498958742613690553e-01 -1.986123439515948275e-01
1.943244926471466849e+00 2.341083447373122350e+00 2.840923137927439668e-02 3.288791033552727616e-01 1.062193219315388903e+00 -1.892157171199492227e-01
1.551366459311227519e+00 2.572616473917458180e+00 -2.010356003635362654e-01 1.801804417364427924e-01 8.522748329605546180e-01 -1.919414435686433718e-01
9.417938756041748238e-01 2.431656864397735873e+00 -3.258937025548851452e-01 9.960464055109914672e-02 7.705158584421326617e-01 -1.907430911486422409e-01
4.345256991836827787e-01 2.316246848636285716e+00 -4.101840572428265830e-01 4.146053686198647448e-02 7.233875977331962748e-01 -1.950303690995842942e-01
3.315963517464645682e-01 2.306247922449477628e+00 -3.333762536557937639e-01 8.324435848649686109e-02 7.589700207873540938e-01 -1.856326519577130574e-01
4.923523903057125950e-01 2.484540118280252230e+00 -5.309740542570188238e-01 4.274830538824907732e-03 6.840525323552010262e-01 -1.918050792358151346e-01
5.669302601554846444e-01 2.536494916237243658e+00 -4.560295891448090666e-01 2.706340786173506291e-02 7.011098009398083475e-01 -1.901735640594285348e-01
2.584221815375126186e-01 2.516329201104589686e+00 -4.725284580858231109e-01 2.760576060870692169e-02 7.027354680143530485e-01 -1.891007372010177212e-01
3.011102411503907561e-01 2.337698914292052788e+00 -5.244144061588225103e-01 5.391477574392748197e-03 6.842834678549652994e-01 -1.899619754201365973e-01
5.523913035083033440e-01 2.354131565128615211e+00 -3.274252714841311973e-01 1.016247085277836582e-01 7.771856145993266685e-01 -1.868715730634225580e-01
9.602720351905568164e-01 2.460180671940888075e+00 -2.804539474033715951e-01 1.325799091770849814e-01 8.037491764272838290e-01 -1.999591356626489458e-01
1.002305264234497617e+00 2.562143469313560296e+00 -3.808017699005881163e-01 8.409386974673141446e-02 7.510848801393552598e-01 -1.961933323676957053e-01
2.003810145349284255e+00 2.377971122968419948e+00 -2.934089316173913581e-02 2.905354281251511517e-01 9.830660632592955750e-01 -2.062536212307813088e-01
4.901109898353658290e-01 2.396860220080479387e+00 -4.142503849285386619e-01 5.920316543770193923e-02 7.356178497288142770e-01 -1.989127868067434024e-01
1.011180826442162228e+00 2.544669203934556201e+00 -2.518214655883362907e-01 1.348271338189895308e-01 8.147853522159658191e-01 -1.935012676303533019e-01
6.026564702790506711e-01 2.374834888439900205e+00 -3.273573606075669828e-01 9.261825048874681998e-02 7.697915524999857650e-01 -1.896587659097666301e-01
5.526766789670637392e-01 2.413034858585230591e+00 -3.280053808548770711e-01 1.026726663188092942e-01 7.678872344476316281e-01 -1.876326466766538581e-01
