2.372326505086903847e-02 2.503529997849647092e-03 4.719024159291923423e-05 2.258643871950261138e-05 2.212987026736976663e-06 6.210933158605537830e-07
2.410984311117173387e-02 1.848305418676604410e-03 4.190189738495935553e-05 2.553227069299261027e-05 2.215609972137898422e-06 6.174839115265136620e-07
3.107205373044308674e-02 3.120996586040014273e-03 7.285377550177454754e-05 2.820648410743597983e-05 2.845854646651419742e-06 7.354213813327953643e-07
3.622044881944681827e-02 3.864607021575637048e-03 9.073469495390223440e-05 3.345830539074854141e-05 3.438661778092029970e-06 9.034689845082525346e-07
2.475952924317552026e-02 2.582181672810309869e-03 6.120450518357335127e-05 2.778161976264091385e-05 2.663440268530083540e-06 7.177873751300030180e-07
2.532931429803057452e-02 1.886582935953555907e-03 3.624025158047877883e-05 2.099010791077011314e-05 1.870101383576279644e-06 5.148428510891577768e-07
2.318251524878424050e-02 3.268045120563835195e-03 6.751497391356510100e-05 2.556331625661641742e-05 2.583831403486148873e-06 9.943366670610605686e-07
2.347430370452694218e-02 2.661872224243899080e-03 5.540359281866751880e-05 2.571356287005772864e-05 2.733250817840750867e-06 9.932622303029655578e-07
3.170125164121855715e-02 2.289052456989581780e-03 3.887215350050754188e-05 2.301984617165755772e-05 1.997932525412881232e-06 6.017407779028569712e-07
3.140625872446534822e-02 3.120216671436813576e-03 6.200333780233033385e-05 2.549403935406702616e-05 2.858982409414891665e-06 8.128626761544491591e-07
2.374667431420409563e-02 2.133355436765575937e-03 3.891941635309911042e-05 2.059150326329225241e-05 1.928724352543043926e-06 6.984783788122140540e-07
2.544193611861498075e-02 2.273829305017649807e-03 4.715778595219151506e-05 2.390433741622780800e-05 2.266073840679905480e-06 5.925977188140487759e-07
2.414873482996096263e-02 2.556821286203909450e-03 4.897520071355506100e-05 2.200571255187661681e-05 2.226278162291759603e-06 6.740294823609406786e-07
2.740657034425932059e-02 2.165349876074312927e-03 4.004817168406578809e-05 2.425040298250759970e-05 2.060435390867393554e-06 6.292106804559292871e-07
2.469142065158748400e-02 1.819274585980091554e-03 3.700591037844093591e-05 2.090345624947903002e-05 1.930235910526598892e-06 4.870886650645742225e-07
2.295967534278943456e-02 2.079808628377553380e-03 3.783164909231103920e-05 2.582315750627459046e-05 2.150558523288331918e-06 7.942618990541908647e-07
1.922321074912782327e-02 2.134913365851301079e-03 4.222466955124029152e-05 2.251029689132503123e-05 2.171209012946882184e-06 9.179945274684702992e-07
2.571929011581337507e-02 2.041314596664682741e-03 4.083751670322476447e-05 2.472332246098095886e-05 2.174619054781119579e-06 6.472667055388646365e-07
2.396253089665299763e-02 2.940009256039175910e-03 6.725326716728250700e-05 2.864972345009780483e-05 3.800027566005202774e-06 1.591033759748171765e-06
2.219679217560677903e-02 2.398931947335204620e-03 4.655646880105900043e-05 2.588726394913054882e-05 2.479500031568414106e-06 8.880601539613192896e-07
2.460870178808840722e-02 2.016587945349486433e-03 4.119577547440004785e-05 2.221943560523903578e-05 2.040168638755796401e-06 5.472094769121284809e-07
2.985715614190152106e-02 2.535563639089534124e-03 4.947689844090684110e-05 2.414111200799230590e-05 2.267293729508630046e-06 6.079610497670157492e-07
2.576116765957382759e-02 1.878177449223521200e-03 4.057008616328479920e-05 2.060089474574308875e-05 1.915370746902681196e-06 5.408935391872842203e-07
4.270050574808583604e-02 7.209676509926503732e-03 1.983337521099368301e-04 5.308056536290523426e-05 5.271373614933267089e-06 2.371064383166336646e-06
3.571344862382364038e-02 3.976791876820282533e-03 7.927937556527063934e-05 3.227908929228768918e-05 3.042817132727323268e-06 8.874885294764189477e-07
2.564517581353841988e-02 2.711938967692418493e-03 5.152091709530242449e-05 2.440251313440545110e-05 2.456055890859193327e-06 6.935469531509204905e-07
2.431635162918246648e-02 1.981047549315711077e-03 4.325793618580801685e-05 2.450780599583091650e-05 2.186137042581956981e-06 6.779320690716107833e-07
2.553620282829965893e-02 2.953549438021847717e-03 5.987508780119213723e-05 2.674475265616195390e-05 3.387115885019149364e-06 1.300447862759983637e-06
2.687552314740447243e-02 1.906203006193931630e-03 3.738183647212894834e-05 2.371940447662533732e-05 1.932065716525386836e-06 6.392855201908536262e-07
3.163038037123483415e-02 2.183298395021245064e-03 3.835300903778063900e-05 2.124711452552842944e-05 1.911037774518696736e-06 5.588345746828005686e-07
2.580645170940118818e-02 1.983067567723409332e-03 3.820065741368239135e-05 2.243354608134328487e-05 1.956748411774528411e-06 5.765412280383555121e-07
2.234277139482349767e-02 1.912566706664267776e-03 3.668607747838681875e-05 2.335365234499772058e-05 2.027372863246488902e-06 6.861976553382414917e-07
2.731677287368585241e-02 3.482325822610261683e-03 6.709999984966596802e-05 3.005235725868215396e-05 3.444475434577882561e-06 1.329352951377672125e-06
2.446933688054252903e-02 2.590147034821102708e-03 4.811618319364678050e-05 2.396352209626333480e-05 2.169129401726239213e-06 6.228662483277605239e-07
2.515799923427369800e-02 2.027748710670329666e-03 4.005863063019566883e-05 2.215325012806036684e-05 1.894385017189299358e-06 5.563790226446811262e-07
2.480767415755431859e-02 3.032343999876153939e-03 7.430880480130754061e-05 2.884135942915943681e-05 2.945199959060540561e-06 7.760293098992316465e-07
2.271227749744129595e-02 1.906097844312980251e-03 4.008008773799045941e-05 2.200242689888641954e-05 2.028185872181552949e-06 5.923649170019288404e-07
3.092194397926546767e-02 3.393730155391885307e-03 5.978350712160597941e-05 2.499758682118618516e-05 2.572689755350380421e-06 7.156687206910047314e-07
2.513645056310958442e-02 2.851098327510214955e-03 6.033097866250085187e-05 2.535285583256484461e-05 2.726296016544044181e-06 1.019182289801043230e-06
2.492363667612267075e-02 2.638995544879220185e-03 5.099147199535690895e-05 2.391360857783500691e-05 2.368335608025919890e-06 8.958440045257238359e-07
