3.800018038436393103e-02 1.318065884848703545e-02 3.171284994541863052e-04 6.056485400236858292e-05 2.934249078267787590e-05 4.072820625381685706e-06 9.003433186314734313e-07
1.095776405616587061e-02 2.755613270055825084e-02 1.573713344228709794e-03 4.040267124743963587e-04 4.843343131052280120e-05 9.831184888926545518e-05 9.847800895360460312e-06
4.421644595628473895e-02 1.006113333009235090e-02 5.435448818583650575e-04 1.503917571066820528e-04 5.315115247923169438e-05 4.430190596849367091e-06 2.105957360436405084e-06
4.381227644924093334e-02 1.606884974139604488e-02 4.427535887601551524e-04 1.523627772585103640e-04 5.385706730035076748e-05 1.033819490480263456e-05 4.771385319968702843e-06
4.150328137017258306e-02 8.587676540673239503e-03 4.799264076937558021e-04 6.371244370412181370e-05 7.459395512878512675e-05 1.802221681683606220e-05 1.347254944082322323e-06
2.248895183978826678e-02 2.124165737855114588e-02 1.536230349104676402e-04 4.153851197718936374e-05 3.164339828608254257e-05 8.211846985390370762e-06 7.706046689433039301e-07
4.449283419445525245e-02 1.193303423459074822e-02 9.951100538784162734e-04 7.378832756016066906e-05 1.334949502803966961e-04 5.540027662949659708e-05 5.628370406457607628e-06
5.341425507377120518e-02 2.840452721372025216e-02 5.056135561311246845e-04 2.064585217923540020e-04 4.457499397262006271e-05 3.924769434393419500e-05 1.506908816489814727e-06
4.913196899356331998e-02 2.026919222273185911e-02 2.834055322857460531e-04 1.154939276720964348e-04 4.753130243889732706e-05 1.939271157481803023e-05 1.547385615641591687e-06
5.409648287073531153e-02 2.314328732343798670e-02 3.947146664791776217e-04 1.633704441191377902e-04 4.387140742149928221e-05 2.892143260726630038e-05 2.743442712272994694e-06
3.930557298518426446e-02 2.674306861793275883e-02 3.387724184223252590e-04 1.310732808091556831e-04 3.343945978689202755e-05 3.990683834696182503e-05 1.257535973151341256e-06
4.013592790331580590e-02 1.120469728576768687e-02 3.643751697440492814e-04 8.961254238952361627e-05 3.649773968945129815e-05 4.676592969817325437e-06 1.173390418353311241e-06
3.919263351768927095e-02 2.403932414403771659e-02 4.748986011525939779e-04 8.535753815015918993e-05 3.340906848450617719e-05 1.106674206841665380e-05 2.124870119247278460e-06
1.499184052157566741e-02 3.513298484811003958e-02 1.252932136893384219e-03 3.425373954323041601e-04 5.102160672020962729e-05 4.091747596534358954e-05 7.394453341833096012e-06
3.572084148630194633e-02 1.721567510952773036e-02 2.256155020623884088e-04 6.002943092392606998e-05 2.662993885147858398e-05 9.632592126472311846e-06 7.850657434401880319e-07
3.416979571072510657e-02 4.689435151365742988e-02 3.090193908678071999e-04 1.230543282199446494e-04 5.657480737935126602e-05 6.329366887672607952e-05 1.260589434135953075e-06
5.968443306245331537e-02 3.493586587447458647e-02 5.102900848777050654e-04 2.825454497936068601e-04 7.100457639263076787e-05 7.006724224551960179e-05 3.344441061515651516e-06
3.919570544936804707e-02 3.800327102357416165e-02 2.341778798268440750e-04 7.798857062720522266e-05 5.763920445996084506e-05 4.065897397844549878e-05 2.292096660981833368e-06
6.697806214289478421e-02 4.203070814980581354e-02 5.270931535639141515e-04 3.042069307911469110e-04 9.184869249789071499e-05 9.450544169221095428e-05 6.052784202863734706e-06
1.932013199836297990e-02 4.596241518647601471e-02 1.410622140632082416e-03 3.257114288659613654e-04 5.150028147100811366e-05 3.917170848681337375e-05 5.268193993845176607e-06
2.996155587872499637e-02 1.530375791897588440e-02 2.736036664198588883e-04 4.342511861694581997e-05 2.463607087028731941e-05 4.034549802732836921e-06 8.553945391308023080e-07
4.212419547186339874e-02 1.445677035243081963e-02 2.667140945578770801e-04 9.196301065492754273e-05 4.410172493060828268e-05 1.334589377809145465e-05 2.378515787430811925e-06
3.524667330757517286e-02 1.259739643371644499e-02 2.301110005540479028e-04 7.318348348972711641e-05 3.115068436736746185e-05 7.659681667901911578e-06 1.052535484536717613e-06
7.367885117921052496e-02 1.517239054023127205e-02 1.010947653483112128e-03 3.019932863469577218e-04 1.903429202869495935e-04 7.974748599501532302e-06 4.875483947292257340e-06
4.773673302717709038e-02 1.793474304652699011e-02 6.351943744228638654e-04 8.218185608109879648e-05 8.046417241117327700e-05 1.851617284891324597e-05 2.380534590760069580e-06
4.315027759948757147e-02 1.992578287634864248e-02 3.162624642997607905e-04 1.183721164944411935e-04 3.748894084126716916e-05 1.705029340589230913e-05 1.313097912977828408e-06
3.519239990830098919e-03 9.926048040179529658e-03 3.976925079190890555e-02 9.574618420617643164e-03 1.376860899551176915e-04 5.155174355676483272e-03 1.401335321297177529e-03
6.291394367131776522e-02 5.339342002488362687e-02 6.076617694535974175e-04 2.545069191906975076e-04 7.205775026953862628e-05 1.046265085269429239e-04 5.612849761261770719e-06
1.165061016697444170e-02 2.767931147766888866e-02 8.321126858562274747e-04 2.545639112679764105e-04 5.614806736556906766e-05 2.925576780847950580e-05 6.369417639941215057e-06
3.242314523739456278e-02 2.106187274398227394e-02 1.968848239653230080e-04 5.237501797291910482e-05 3.001960625110190360e-05 1.135451649058048161e-05 9.118318358663189005e-07
1.829116213945103028e-02 3.635876215983074866e-02 4.337026656506361762e-04 1.373741224289646472e-04 6.224895617337920730e-05 1.036921411592023717e-05 1.329571703080278074e-06
4.171633567845043494e-02 3.477467738591489416e-02 2.814313429140468314e-04 9.564765737604009205e-05 4.952970000705665974e-05 4.421216042052532981e-05 1.464415684507238104e-06
6.249889832407760221e-02 4.077504933187356406e-02 5.160110375656863776e-04 2.430657030350260467e-04 6.902155779315818137e-05 7.593439385120876221e-05 4.196513037875961809e-06
4.005876865196542069e-02 1.532511778652648551e-02 3.414787938839724353e-04 1.018462990931924333e-04 3.490738556602918715e-05 1.065970692101193956e-05 1.524672334980731172e-06
2.332855209228773888e-02 1.501366651798403083e-02 2.419693494602185755e-04 3.767880719562499844e-05 2.529979437227326206e-05 3.227640855151457002e-06 7.128838500092915855e-07
4.331158045454471667e-02 7.272661982654584148e-03 4.766104493868863513e-04 1.110147162615027233e-04 8.242880366708441021e-05 5.164121123414718236e-06 1.188226779666481689e-06
4.546137549545391232e-02 1.866317986074838772e-02 2.820002280065739319e-04 1.116073674438904225e-04 3.452609472141072235e-05 1.607927883221439062e-05 1.192416535540851035e-06
4.487548750506616113e-02 1.805024855034744261e-02 4.015608550677065517e-04 1.293622312077856364e-04 5.461138064979604228e-05 1.572334423464389076e-05 3.380129516157143635e-06
5.605951579606043012e-02 3.232206605457672161e-02 4.843269025474559726e-04 1.938035636583622682e-04 6.048925172534450403e-05 4.975282425868050249e-05 3.457984384718840301e-06
5.294048391573547702e-02 2.291226792632912457e-02 3.868228446414149059e-04 1.835730783306588527e-04 4.293242282928181599e-05 3.449820308406920859e-05 1.634431911760379149e-06
