-1.060448659895218082e+00 2.252027878751062140e+00 -1.233932748755666831e+00 6.706399014386915658e-01 -2.411371581655470941e-01 5.489944810109284035e-01 5.198875741337910528e-01
-1.324994349437996766e-01 2.221099738126478318e+00 -1.224922114427153375e+00 8.724869970776226724e-01 -1.385198878494407204e-01 4.591179278878941838e-01 4.993548910387312634e-01
-2.693138701099794030e+00 2.060290220069572520e+00 -1.356032585858889528e+00 5.847298824159602448e-01 -2.815611778521639463e-01 6.244633869709497187e-01 5.398863230507942035e-01
-2.304089650153315016e+00 2.719024637934447597e+00 -1.377715964833033491e+00 6.603801790745060796e-01 -2.452751656874974928e-01 5.775881463840255581e-01 5.319662364319535097e-01
-1.705841212490775360e+00 1.799479524191373692e+00 -1.296346395535130425e+00 6.161699434327292391e-01 -2.683933268769307934e-01 5.780586204437440090e-01 5.291333839128147254e-01
-6.200327737721642724e-03 2.694090664988394224e+00 -1.103316069695545520e+00 9.055765701257699751e-01 -1.314120506371055375e-01 4.335799199906071877e-01 4.807841772015100656e-01
-1.539680167006746370e+00 1.693679486394280120e+00 -1.275771091038553795e+00 5.837158278732467176e-01 -3.003773423410087684e-01 6.021401708863571844e-01 5.353225805544731264e-01
-1.071483069495190454e+00 2.416114334224866322e+00 -1.123851095116553678e+00 7.154264575350263167e-01 -2.161208059883391597e-01 5.190384963230747495e-01 5.110295439760440539e-01
1.785925155697423022e-02 3.208916690576477215e+00 -1.152931218641664257e+00 8.531092516823721716e-01 -1.649245013833781359e-01 4.392292767193286540e-01 4.916241757988304428e-01
-8.951809947646419685e-01 2.724138500387037976e+00 -1.210828946396212524e+00 6.966943544354411433e-01 -2.172519031138907264e-01 5.193852985113551757e-01 5.069801171884427138e-01
-1.866816252011222477e-01 2.736090528482290285e+00 -1.046558444174374269e+00 8.571389745599818921e-01 -1.465525873379484312e-01 4.345971155785772755e-01 4.852047018065149819e-01
-1.649752096247205202e+00 2.320964420645732051e+00 -1.254729968273860630e+00 7.026226657164222900e-01 -2.107192698276040832e-01 5.375531904659427429e-01 5.223737918780202438e-01
-8.309146913385442312e-01 2.140072273535809533e+00 -1.139261097489015606e+00 7.022142011318669441e-01 -2.152095414916554428e-01 5.238850092596049057e-01 5.100589941759338108e-01
-8.463169412658710922e-02 2.215979033522713859e+00 -1.147297308972609509e+00 8.375142276257213636e-01 -1.403061154486876239e-01 4.614892932267118386e-01 4.968278977722302980e-01
-3.274947365284370804e-01 2.741175893759878246e+00 -1.153956162849766542e+00 8.190036411287352491e-01 -1.701831286479102701e-01 4.698415875546858023e-01 5.019397698841415734e-01
2.518604708321988128e-01 2.719153588246646436e+00 -1.004220948860061524e+00 8.723665039300951829e-01 -1.376820167110341386e-01 4.229627401574695411e-01 4.802713026824081410e-01
3.456138312733783580e-02 3.341814925232712952e+00 -1.084022399168982354e+00 8.218805438250803563e-01 -1.737586719076492925e-01 4.193754023899181615e-01 4.964282668084529226e-01
2.214196961866269631e-01 2.983364737463279681e+00 -1.082142311682312785e+00 8.756074742985694437e-01 -1.360908263025101816e-01 4.293414273001298631e-01 4.864188364895216665e-01
-1.014928102871299614e-01 3.380375768077962029e+00 -1.124084659704679412e+00 7.870225477228297573e-01 -1.768094755254549511e-01 4.334900838089565389e-01 4.985957006603651265e-01
-1.484032784991873022e-01 2.257742451424613606e+00 -1.124182996738994023e+00 8.259997940395690241e-01 -1.484294032999307067e-01 4.658497438018286974e-01 4.938295373890730366e-01
-6.229983047547512642e-01 2.362291129312736437e+00 -1.212228983193338827e+00 7.729775035721581089e-01 -1.897424598826090159e-01 4.925464266220040410e-01 5.003823066980723766e-01
-1.122439079338337198e+00 2.995440096514805361e+00 -1.294043914966036990e+00 7.248022603271246922e-01 -2.154754086493868570e-01 5.207792867412806004e-01 5.181139020663807493e-01
-8.815751525879967909e-01 2.689350751641234272e+00 -1.193901000709941540e+00 8.030771236588393203e-01 -1.779682461131641413e-01 4.803281618088033333e-01 5.040134832402533016e-01
-3.785607957848093896e+00 1.593496047987206676e+00 -1.425755014018275979e+00 4.648171253169308126e-01 -3.326114673563407842e-01 7.536692098780493065e-01 5.552957881150283326e-01
-1.421671033624380076e+00 2.102880296624534573e+00 -1.306409064257405328e+00 6.411131009024250149e-01 -2.616446875783864923e-01 5.674873150861958759e-01 5.158140547006977439e-01
-9.670725312899518533e-01 2.515589719408705793e+00 -1.163282296737676580e+00 7.565145588353665573e-01 -1.893327862456948563e-01 4.965394546680624299e-01 5.022182236449967974e-01
-9.303892276807200490e-02 1.319990888044929589e+00 -1.801637564307409400e+00 1.156345366641681416e+00 -1.334048634495595964e-01 2.404562009960437008e-01 6.000123709077107570e-01
-3.861038572067544417e-01 3.067063194065771992e+00 -1.131786276097697108e+00 7.516204260071064347e-01 -1.826894541391994586e-01 4.622468287876144166e-01 5.001557968938709076e-01
7.326815929073231259e-02 2.287280625348063090e+00 -1.110842997060503823e+00 9.461459111015962931e-01 -1.150007906242052624e-01 4.305531675028670957e-01 4.850027550339391369e-01
-6.420895384053819377e-02 2.793793709329854380e+00 -1.129296452513246063e+00 8.600579391077383118e-01 -1.394748094832639340e-01 4.412899286521650977e-01 4.861407442135812218e-01
9.821704909290422669e-02 2.503733667766755655e+00 -1.099982742262423541e+00 8.768465450741680378e-01 -1.410359882573361534e-01 4.480127453307878316e-01 4.870589704121713326e-01
2.661906017911689903e-01 2.934534227936953510e+00 -1.033927635975573578e+00 9.057055180116148074e-01 -1.418094599147742552e-01 4.183529148693067024e-01 4.835994047064548496e-01
-8.449005947523008375e-01 2.721218171061152269e+00 -1.127533826310028964e+00 7.564076012907817725e-01 -1.957076084052866427e-01 4.929635792041363040e-01 5.046028978175896018e-01
-1.157304028765316684e+00 2.520971348500177012e+00 -1.223334772576989637e+00 7.137304180631293127e-01 -2.138423251690785010e-01 5.247858468141007870e-01 5.168562683257603707e-01
-6.881759560850345681e-01 2.337145527071199158e+00 -1.186908468698849584e+00 7.910880399560104026e-01 -1.854088354065819844e-01 4.870295366476534160e-01 5.007270895260040877e-01
-2.563206090724580388e+00 1.732886079200349982e+00 -1.430068500407111864e+00 4.657382521253666807e-01 -3.434178761190273543e-01 6.804436128170909814e-01 5.533707203352621340e-01
-5.273524509006024541e-01 2.776588159132406641e+00 -1.125259633760823830e+00 8.325843597829110099e-01 -1.727789884984612390e-01 4.622947722082780819e-01 5.008862824672454250e-01
-1.482065557714966841e+00 2.842153119783027204e+00 -1.270795121327962685e+00 7.205508613194064882e-01 -2.032712391440504585e-01 5.239032570341733974e-01 5.188746913379391756e-01
-8.428954054613224667e-01 2.880552272442789885e+00 -1.152161341838840114e+00 7.657520148052252562e-01 -1.854156139779171708e-01 4.806999638469633407e-01 5.062977988308432487e-01
-7.904232270588128495e-01 2.601416767621961501e+00 -1.119970027012567426e+00 7.548819101182029367e-01 -1.958514470211816516e-01 4.890370516633344433e-01 4.998814745295768747e-01
