1.067385248200234532e-02 4.679848044257977398e-04 1.746784728341530674e-04 2.701205778733098276e-05 6.395150030487419588e-07 2.276689337629415695e-06
8.827158974180581569e-03 4.005139983218550530e-04 1.536558195765274043e-04 3.702218717496285840e-05 6.394108867331285795e-07 2.330219367044408876e-06
8.881552838140334069e-03 4.854822481313545725e-04 2.827294593498189340e-04 4.560360124913388508e-05 7.444115691708348530e-07 3.361335584464046388e-06
1.563146832161171201e-02 5.186370124321003404e-04 2.779684980858572463e-04 4.064005129285465183e-05 1.369877223151249029e-06 4.419832258380590893e-06
7.157925504809788467e-03 4.663218280988902509e-04 2.346624764248678293e-04 3.004559783872457141e-05 7.487201305221794987e-07 2.804480549618826664e-06
9.212306276219410159e-03 4.382840845901531265e-04 1.297909535253344445e-04 2.446036064628477440e-05 5.802386134133655887e-07 1.916449275915355580e-06
8.354490548401797070e-03 4.335028323041704599e-04 2.660159868131684860e-04 3.905350175158608055e-05 7.296050676861257303e-07 3.055309372992130861e-06
1.392579521647578471e-02 4.951032864210717487e-04 2.048846498696870475e-04 5.083889029922048527e-05 7.661257635577199780e-07 3.018970137179724517e-06
1.295050860918828782e-02 5.002233525907440886e-04 1.395290250719353033e-04 2.624297644038248558e-05 6.540530076228591257e-07 2.491982726827946165e-06
1.765865390999057580e-02 5.723646607896581365e-04 2.078375822742674264e-04 4.049639843252304469e-05 7.467266255072058730e-07 3.284895748250807641e-06
1.195927506595257338e-02 5.177787233680624865e-04 1.571681068446191543e-04 2.925951624450075659e-05 6.486852588238653498e-07 2.513793739476693437e-06
7.649577605876405756e-03 4.570440637656538732e-04 1.957633491524192189e-04 2.603923900616656554e-05 6.640634647177971577e-07 2.506862089634655209e-06
1.188892482860091915e-02 4.944292677952406324e-04 1.745985706573292362e-04 3.881278023306218008e-05 6.635679908451106258e-07 2.618967474667593889e-06
1.006370136163805759e-02 4.912833754830610040e-04 1.681341077447817244e-04 3.068882135232063791e-05 6.458158646781258694e-07 2.362463135861709947e-06
8.429875178526401863e-03 4.239389101525655162e-04 1.365298918166318886e-04 2.255562003238830649e-05 5.383695179298083595e-07 2.124341995330465365e-06
1.517087366674178296e-02 5.619537193694455410e-04 1.542775590563911332e-04 3.555964504229280291e-05 8.100620006583511615e-07 3.521096927509515326e-06
1.786646575568638651e-02 5.376738190709836858e-04 1.661191579859324686e-04 5.784251942259391842e-05 6.608451021519631224e-07 3.448682931595313528e-06
1.351510171430672300e-02 5.122927482154444835e-04 1.588132144489980005e-04 3.331878471555978623e-05 6.844697911528024906e-07 2.393511141233427993e-06
2.185696899730620729e-02 6.557183331200172605e-04 1.962600730261971987e-04 6.150962458140365595e-05 8.399662479924087503e-07 3.941285547606939814e-06
1.409709507458320292e-02 5.553159235975107730e-04 1.704111778257908004e-04 3.517347476320707039e-05 7.585461116271189485e-07 2.449338915611440285e-06
9.197317357535454360e-03 4.508512163584650493e-04 1.505061241966029653e-04 2.648176871067557789e-05 5.810994071762223476e-07 1.963080513046526919e-06
1.338198295619535266e-02 5.210876742147054885e-04 1.722501787689823774e-04 3.281720051186576558e-05 6.458454164563924933e-07 2.785473420144149323e-06
8.384204264675605353e-03 4.471256721126490503e-04 1.400929320882728568e-04 2.172803143022693033e-05 6.320807807935232322e-07 2.117288015134196569e-06
1.088873207029743446e-02 6.756151358545425291e-04 6.548202079470336924e-04 1.509526348711697017e-04 1.803899110524944382e-06 5.873957493576054265e-06
1.355271609091388343e-02 5.458127713546688433e-04 2.758359437512215850e-04 3.240032623180392872e-05 1.194826031717045645e-06 4.100136647231383553e-06
1.156802796212997968e-02 5.063809139224694552e-04 1.689881345154112496e-04 2.968380055190708363e-05 6.571689937913330145e-07 2.483548230579129409e-06
1.102350464558129843e-02 4.944207667942137089e-04 1.551450748401857313e-04 3.015907564333483430e-05 6.768300641789678182e-07 2.514628247171992693e-06
1.942284271188425213e-02 5.808098497112561655e-04 2.006387419173158307e-04 5.805487712749672993e-05 7.515756059564730477e-07 3.188158320562647382e-06
9.302443488415555045e-03 3.888752987542511618e-04 1.435218891206247783e-04 2.555085484925828621e-05 6.222622069889891807e-07 2.064225295332457078e-06
9.696176758443478955e-03 4.315455849144105016e-04 1.339509417530196464e-04 2.440399366272832861e-05 6.136798212969654227e-07 2.041715791671731087e-06
1.284561652964510449e-02 5.087066633681586268e-04 1.442034104301566323e-04 2.596831902721383233e-05 6.248745939623832652e-07 2.255695745707630362e-06
1.165753576241393592e-02 5.410378923877864595e-04 1.335164518333671624e-04 2.845862427931075884e-05 6.976978319867864757e-07 2.963111770612466420e-06
1.993737910561338075e-02 6.024418065733651729e-04 2.399152013598637560e-04 5.476553903917764151e-05 9.172906899301209384e-07 3.184886825107784681e-06
1.076019666907243079e-02 4.832216053309567336e-04 1.781491840146573577e-04 2.842092613210662493e-05 6.517196438738182902e-07 2.130249238389093527e-06
8.661455037213400959e-03 4.477495564937523367e-04 1.589524574186084891e-04 2.246082941603193414e-05 5.611646800551188822e-07 1.846929939179431568e-06
7.321177953696667538e-03 4.400429316824666084e-04 3.108786147203899345e-04 4.285335080306425497e-05 8.073940049523249111e-07 3.467548491759797530e-06
1.089817529569357679e-02 4.319072341228108024e-04 1.422107064806007819e-04 2.729301349190904440e-05 6.501709355206730137e-07 2.800687785455169863e-06
1.327858999529872054e-02 4.311047715554360482e-04 2.025871419667852550e-04 3.549741552781450444e-05 8.035724549765249585e-07 2.881238713764791740e-06
1.655015542446469992e-02 5.103983314302783106e-04 1.923344482376853368e-04 4.197289531746675490e-05 8.630685109860523951e-07 2.740944017409675312e-06
1.456574577275966502e-02 5.016926197036167441e-04 1.846771129267545163e-04 4.105286574620840530e-05 6.752650848300221887e-07 2.526548871458232340e-06
