-2.265794040463827042e+00 7.566670367669052766e-01 2.632420397916165333e-01 1.393607416921500475e+00 -5.225853473244040925e-01 5.933218143084183493e-01 -5.661864605381454751e-01
-1.627487619346275283e+00 1.215106091781115616e+00 2.334408609071015883e-01 1.383326567249731465e+00 -7.391017943638757970e-01 5.087418928565474729e-01 -5.312005958036269959e-01
-3.226714178921321174e+00 5.254758000634505155e-01 4.117039772611736370e-01 1.531236835412213448e+00 -3.901090316692491511e-01 6.404570932115210002e-01 -6.039281173449457807e-01
-3.585996626691194233e+00 9.928943425535525780e-01 3.449667507856126192e-01 1.628741321958951715e+00 -4.495334839180358810e-01 5.880835272810623904e-01 -5.942134593418230137e-01
-2.367921245354369653e+00 3.205946134900197197e-01 3.840660393197058986e-01 1.388168378573608086e+00 -4.814319400944571670e-01 6.289283490080112005e-01 -5.787433431788511218e-01
-1.931711807634449718e+00 1.193769264210775560e+00 5.330808252384391932e-02 1.332489851300979966e+00 -7.662196388255850810e-01 4.873600181207468629e-01 -5.089054548215574680e-01
-2.412440360099185277e+00 1.601252011792698438e-01 3.535309483342079506e-01 1.372425292304079836e+00 -4.453190969098717589e-01 6.543515793011449588e-01 -5.885491367044191069e-01
-2.542007695521205424e+00 6.520871426363158418e-01 1.691235017011787911e-01 1.340108401247978032e+00 -5.757637682619493047e-01 5.592774753112490504e-01 -5.534173234075701053e-01
-2.384118427088369963e+00 1.300588959850346171e+00 5.358298365159927523e-02 1.370906226435566921e+00 -7.272933207993529381e-01 4.977346333388918964e-01 -5.191177694967114009e-01
-2.490840615559685389e+00 1.046554784763350732e+00 2.127561234455741246e-01 1.387386692126755028e+00 -5.496591800436193553e-01 5.640609336768138693e-01 -5.491077031330579006e-01
-2.130680212812328556e+00 1.023656743094009780e+00 9.803243913249146124e-03 1.290585333537470181e+00 -7.327226474844779069e-01 4.904754857385429379e-01 -5.138625954966895559e-01
-2.814548451100304938e+00 8.969464204097754578e-01 3.222373966234911569e-01 1.432568239192850923e+00 -5.399168997927047409e-01 5.675987310122118101e-01 -5.697800248846137672e-01
-2.104485845933700805e+00 7.079703737835055799e-01 1.906428069299412609e-01 1.321125501504604172e+00 -5.634321710931898819e-01 5.671474044314228635e-01 -5.529383080020966457e-01
-1.554287843939938796e+00 1.169473960230502874e+00 1.878807081091837528e-01 1.335334935651887767e+00 -7.128235031430645297e-01 5.044034875742389179e-01 -5.312853059634421449e-01
-2.240219430483829655e+00 1.062717404878283478e+00 1.353613184875312736e-01 1.351777128959709140e+00 -6.813861478483819178e-01 5.207275464252335562e-01 -5.357219375780097881e-01
-1.782565777638727811e+00 1.140583332483365853e+00 -6.013154950287280531e-02 1.265723625289884247e+00 -7.462067212832507179e-01 4.804364561208672169e-01 -5.088160654380431414e-01
-2.386914433257932622e+00 1.072165150684097235e+00 -8.370242835303355958e-03 1.297525237165549239e+00 -7.130156174439656880e-01 4.928062218894985191e-01 -5.220857846162277882e-01
-2.004927055648914713e+00 1.301919678484865450e+00 3.867389562148007554e-02 1.294500935406402986e+00 -7.522611151217647452e-01 4.880095667460873088e-01 -5.136758282910378615e-01
-2.515002608321707189e+00 1.304230144304182826e+00 6.390942069392570313e-02 1.326232490063449454e+00 -6.737407705755708021e-01 4.974837614918173889e-01 -5.261410846611298542e-01
-1.517818904992458862e+00 1.063957721563424830e+00 1.865737031499785925e-01 1.357577839809845255e+00 -7.130015610173030538e-01 5.036510455410465603e-01 -5.302091547964719043e-01
-2.067305332967068754e+00 9.847169925950258751e-01 2.047259126077994595e-01 1.387929721721213427e+00 -6.296533633539332930e-01 5.414270028515876243e-01 -5.374648167893184558e-01
-2.936987270712466014e+00 1.232127069178134748e+00 2.577539404789792044e-01 1.490590720314626694e+00 -5.607793756550929487e-01 5.577406104124148500e-01 -5.619135674284754245e-01
-2.527209518565478152e+00 1.036948690192130984e+00 1.745182439173519895e-01 1.395627178639146315e+00 -6.559577483152105870e-01 5.264023174342470357e-01 -5.397654127077851083e-01
-3.398009647366496910e+00 -3.052119897358007150e-01 4.812406780335054535e-01 1.458316608191536190e+00 -2.977716823028328519e-01 7.651167298370861181e-01 -6.369234234200845668e-01
-2.304034423642003393e+00 5.383163597338611606e-01 3.280340749695004332e-01 1.446087978073137714e+00 -4.951398735544043639e-01 6.167890393164516816e-01 -5.638479611983512330e-01
-2.472667061761927076e+00 8.866043597652285557e-01 1.878979199878321182e-01 1.357240972560074255e+00 -6.136152565564486627e-01 5.397549603319258260e-01 -5.409995363195243545e-01
-9.160139780942949672e-01 8.716902452307259130e-01 5.575977058830882127e-01 1.875147219167760060e+00 -1.044186370952469245e+00 3.401764749607135707e-01 -5.975669791356849059e-01
-2.452447104103002928e+00 1.157622048541861570e+00 1.230144865429399492e-01 1.317794545567451348e+00 -6.264820765298111382e-01 5.163144401787593818e-01 -5.331069478855832156e-01
-1.570542388425126834e+00 1.157329557812271759e+00 6.427316125417878445e-02 1.363726378695206742e+00 -7.972374629612464236e-01 4.763764802556784694e-01 -5.143196546849038153e-01
-2.115337394777338176e+00 1.258792709312940516e+00 9.812436578754352157e-02 1.327793058739169973e+00 -7.302905659100035196e-01 4.932037197826244501e-01 -5.151105745142315895e-01
-1.786518978209307607e+00 1.253891525198945311e+00 4.304689209296332780e-02 1.330355672043743720e+00 -7.322584685215737244e-01 4.977809377543963576e-01 -5.178897461850802131e-01
-1.998932248284420510e+00 1.028840267866397040e+00 -6.007046320917184407e-02 1.297132151753526363e+00 -7.805074580845873244e-01 4.818239224341892002e-01 -5.094623291603397330e-01
-2.529814484118142914e+00 9.308471175366935801e-01 1.310662921180951734e-01 1.344454005218415737e+00 -6.143420614449198736e-01 5.389010113417430636e-01 -5.427545543715708298e-01
-2.590344194169142522e+00 9.235008373179127705e-01 2.423827559284078004e-01 1.404882241269155507e+00 -5.626240422003891961e-01 5.644122633909023357e-01 -5.604262346211490442e-01
-2.117399372831174187e+00 8.976080361479885639e-01 1.844170994696127386e-01 1.377852399310870002e+00 -6.472699915183366404e-01 5.366583234836558303e-01 -5.370397467020802118e-01
-2.912323580369513110e+00 9.274261123342662783e-02 5.201019587510050668e-01 1.475003223019712095e+00 -3.196471165789854241e-01 7.193030107253496341e-01 -6.214825112411438424e-01
-2.384046210251633990e+00 9.613633685925936367e-01 8.070041749050914370e-02 1.352508261867803041e+00 -6.946718784189287454e-01 5.148238984351294345e-01 -5.335063778522807221e-01
-3.156637224139828835e+00 1.187327914064902235e+00 2.808012725715126612e-01 1.496148146744524787e+00 -5.458707204279493741e-01 5.462890790085033199e-01 -5.669120218471377370e-01
-2.665430414575497231e+00 1.063656116279014574e+00 1.515363215450593326e-01 1.362991281188270065e+00 -6.245682039673916552e-01 5.238050345897224958e-01 -5.428788849134204009e-01
-2.356655079757867366e+00 8.676376269592401824e-01 1.193689579149737473e-01 1.334063033120543418e+00 -6.147845462739298661e-01 5.379388087393895956e-01 -5.373628319791682317e-01
