2.934704250042196802e-02 8.426488081758892398e-03 4.485753071704338306e-04 2.902737958287502479e-04 3.680324075041545279e-05 1.020503874378376991e-05 1.030494663589740693e-06
1.991960803386179715e-02 7.022906611049017575e-03 2.003056552617786621e-03 1.159316332007938148e-03 7.551236367508004296e-04 7.833296022665600905e-05 4.887087698979297383e-06
1.611291566247434123e-02 1.386511154428416576e-02 5.254654124666569915e-04 1.099585535114161461e-03 1.311500952913069256e-04 5.220351813153310881e-05 7.652532643320058956e-06
1.300309886030133651e-02 1.082153028841191522e-02 4.173785950662913143e-04 7.972067014795856379e-04 1.054618136241247103e-04 3.499509629756739960e-05 1.178506635203190938e-05
2.104249370314717135e-02 1.022341790605053001e-02 4.296655151855667066e-04 3.971349630259669102e-04 6.195032170100946080e-05 1.214989270508869243e-05 1.730357305848013185e-06
1.837119939305489544e-02 7.679855875151900789e-03 4.764513516018227665e-04 1.643592904933516936e-04 3.682408238370471498e-05 3.888088685910654887e-06 1.104141827818805306e-06
1.977763552421334114e-02 1.274320068142410431e-02 5.368905255581361185e-04 4.473861732942686128e-04 6.432779236565991095e-05 2.305521003533179383e-05 1.338123689375276685e-06
2.236197258625903864e-02 1.110185886204025953e-02 5.255924323512318206e-04 7.064225965393070537e-04 9.031446428668859301e-05 4.819900214516767368e-05 1.226166708331420219e-06
1.632907831870044138e-02 8.168645881738099621e-03 4.479676596759381854e-04 4.523656911445098788e-04 7.161163217836072868e-05 1.063772036876927956e-05 9.014106418527152865e-07
3.307013816359676006e-02 1.228655613581643158e-02 5.326328507924517949e-04 6.554947224869644160e-04 6.686590150656608459e-05 4.264544530589253166e-05 1.989684747744055791e-06
2.730445936369139265e-02 1.034749297634261073e-02 4.940430119419411421e-04 3.234438285609160307e-04 1.147581020752291842e-04 1.544903812042791683e-05 1.628804516670451192e-06
1.362441975050875977e-02 8.044255448776701720e-03 4.405271046944975026e-04 7.015375146663133804e-04 5.393044595099855484e-05 2.169298023839409158e-05 3.107833509429498670e-06
3.814954434193689597e-02 1.178868833853050947e-02 5.321070001420192966e-04 4.021038399544155464e-04 6.520597802694452999e-05 1.581024841294640824e-05 2.204262860480339432e-06
2.544462467686650631e-02 9.137181466449158240e-03 2.099926953391683098e-03 2.331361512027601852e-03 7.448902631266177219e-04 1.218253791231533830e-04 1.183980350815407713e-05
1.396328370820820383e-02 5.726019192297995830e-03 3.994777739991768411e-04 3.056903491617630965e-04 3.846829311921223674e-05 7.110541499387304778e-06 8.010820236929549578e-07
2.917795575612520259e-02 1.226188850543851079e-02 6.932000282828485469e-04 2.640039389155609270e-04 1.464573552552199463e-04 5.603987459374757422e-06 5.058579961926261645e-06
3.015482411444208102e-02 1.018766132011828841e-02 4.824830366081068675e-04 7.005853417619424105e-04 2.112602809916724552e-04 4.468980852151589744e-05 1.886338756558568283e-06
2.701143758641813553e-02 1.045977323584427673e-02 5.839835796478236047e-04 2.655937694402202005e-04 7.437218932647847078e-05 1.028384052729319099e-05 1.338791553861385876e-06
3.523655562121204982e-02 1.407506852685412591e-02 5.262459531345265460e-04 8.654932967886122975e-04 1.858324417158939293e-04 7.190181673943360019e-05 1.391754383768155938e-06
2.210119731676168237e-02 1.161065215296609374e-02 2.257873827468246785e-03 3.337381476255685004e-03 8.219973525138698578e-04 1.562198161792439032e-04 1.416748449391732976e-05
2.603219634870689025e-02 7.375450823438986676e-03 5.171615779380497706e-04 2.222163110429060734e-04 4.243096954444684847e-05 6.521671920239938555e-06 9.546500819345081752e-07
1.223640623188708421e-02 6.977408201421972898e-03 4.065446179234373015e-04 5.100173763758803110e-04 5.069933263988802977e-05 1.939510912698398239e-05 3.192692972460962812e-06
1.238334085552690762e-02 6.151602066054391062e-03 4.180360055807579088e-04 4.292613199577717119e-04 3.935561325169764478e-05 1.140119553937740253e-05 1.229073986111497793e-06
3.400410118054482400e-02 6.974032212003973552e-02 1.297434034740669196e-03 3.749878606425083652e-03 9.735109972122563691e-04 5.407229556351880522e-04 1.811807111751842774e-05
3.556808294352638983e-02 1.479291809604040345e-02 6.540689884597772992e-04 6.655214754764901845e-04 7.368946331073613590e-05 1.360941722443825940e-05 5.349713650495203377e-06
2.265280774187979768e-02 9.535713895594240611e-03 4.391165544560961362e-04 5.081060068609303659e-04 5.426161864763318364e-05 3.106062760370807533e-05 1.293776717971722270e-06
1.010139314361223166e-02 5.925983547732011775e-03 1.789637310770294740e-02 4.313916131339475685e-02 1.444163550172971287e-02 3.736385185923129376e-03 8.230195613829901450e-04
4.056706382302491948e-02 1.317001565230963185e-02 5.661796559636569698e-04 9.255570990125099170e-04 1.308110545423949518e-04 8.339124276611590029e-05 1.367651295775488607e-06
2.632586639694687800e-02 7.307087532966653753e-03 1.285485825831887523e-03 1.657798191679259528e-03 3.509446794717872723e-04 1.021808899089836895e-04 1.047749084552773603e-05
1.488016348743229599e-02 6.908955585165070523e-03 4.082547649180084753e-04 2.706518703806702684e-04 4.340320592156341536e-05 6.372093639461853877e-06 9.249447797065526858e-07
2.971936652957564429e-02 9.464896577216400098e-03 8.309371913708580876e-04 2.708483737110860766e-04 6.160680478899926960e-05 6.991271735431806327e-06 2.061736301025275847e-06
2.309673669265059973e-02 9.112081521771486434e-03 5.050020019091988740e-04 2.212885642692959337e-04 1.281223745063678296e-04 6.525214695658036451e-06 2.775414609667522193e-06
4.012979674592904306e-02 1.435307863785216520e-02 5.612598431644063917e-04 8.784135773691269895e-04 1.136396833201431454e-04 7.963814591204680746e-05 1.802149122891483720e-06
1.760204812059601095e-02 9.690025833973350128e-03 4.648372701522115362e-04 5.322673377000195372e-04 4.256276162880283506e-05 2.446011059112821771e-05 1.749268023113790692e-06
2.349329191496467295e-02 6.579989796189717952e-03 4.539392174395691631e-04 2.299246916774990519e-04 2.801392304094707614e-05 4.728333443703041142e-06 8.882846506781600321e-07
1.762649705291237726e-02 1.791989530718267679e-02 5.125468854620177355e-04 8.395955719469219529e-04 1.747092715941478847e-04 5.957920497282615381e-05 5.479856765234433746e-06
1.466131446560776062e-02 7.613692536202607518e-03 4.289905463538812151e-04 3.850553428695908248e-04 5.817928802427566710e-05 1.254927856157850901e-05 1.123316472885920590e-06
1.428676767451652653e-02 8.730948051516746258e-03 3.844782058548207662e-04 7.841385701610082293e-04 6.038025929812252562e-05 2.999082250164422558e-05 5.860889932802928344e-06
2.687335378766515445e-02 1.216633330945626756e-02 5.058246711727869315e-04 9.029247128789445048e-04 7.115232840600535123e-05 5.956313152350541009e-05 1.992819748781414429e-06
2.912731651743476202e-02 1.156060543515457888e-02 5.052170172321678119e-04 4.823804065390955458e-04 1.035079933620407602e-04 3.673214177154359464e-05 1.103103232981664118e-06
