-5.300822703422959359e-01 -3.253290633096097562e-01 -1.066901338300368707e+00 5.176723580372818434e-01 -4.798798997792174115e-01 -1.082604199716354687e+00
1.197311142458361843e-01 -2.334059895455521394e-01 -1.000012783085176382e+00 6.884608851878954994e-01 -4.806555015864965030e-01 -9.748275986825035710e-01
-1.247960628799803295e+00 -4.513571138631511936e-01 -1.116996204176324392e+00 4.275005188782732279e-01 -4.781812509135762168e-01 -1.176126201396057613e+00
-9.679006057783646755e-01 -3.832138994925446407e-01 -1.124588598723984312e+00 4.834117519371881055e-01 -4.724521059398180123e-01 -1.126573019544832022e+00
-9.398273760192427106e-01 -4.558634715365484369e-01 -1.084196314785167203e+00 4.821244594825199736e-01 -4.801341693757342766e-01 -1.121496929123152020e+00
1.634951348561141521e-02 -1.017050104315772030e-01 -9.604304072661420388e-01 7.285361752814523140e-01 -4.720131492351122282e-01 -9.347328960393961328e-01
-1.097906647286901682e+00 -4.346154526853076572e-01 -1.081690489839420621e+00 4.478421868696702557e-01 -4.793905789973034737e-01 -1.151240458818922896e+00
-7.039384650095946716e-01 -2.342821030230889667e-01 -9.746192944245799517e-01 5.486751869974948459e-01 -4.757374686425930865e-01 -1.053671235697384745e+00
1.105203387978496571e-01 -1.085533608377209774e-01 -9.554288206632642888e-01 6.685926849510585024e-01 -4.731931913591455596e-01 -9.651638954218622057e-01
-2.496827411826425258e-01 -2.818259754296096320e-01 -1.022222175093808305e+00 5.286008487895332841e-01 -4.683197276569036616e-01 -1.059448575680039140e+00
-1.976050824302748588e-01 -6.639946085518191876e-02 -9.119416302549028241e-01 6.859612035436083444e-01 -4.709018009024067974e-01 -9.506120537004880688e-01
-6.279566193818867381e-01 -3.699746974778739261e-01 -1.030968260249378377e+00 5.380370668165794790e-01 -4.835559322917973302e-01 -1.070407448573352793e+00
-5.450240949511879762e-01 -2.595726460857479823e-01 -9.907827320092440493e-01 5.492033095547007582e-01 -4.762475636009441682e-01 -1.048734314008283874e+00
6.894572268531251602e-02 -1.914219599611927947e-01 -9.455253853555583010e-01 6.596031576795036155e-01 -4.772838927443959767e-01 -9.754709531907903575e-01
-1.779084611821417639e-01 -1.894689019468187852e-01 -9.825734013842586378e-01 6.497463117691011369e-01 -4.813052016298792757e-01 -9.885535900720235913e-01
-7.676489077339378186e-02 9.586615965332940040e-03 -8.906242225475812235e-01 7.123332073919668161e-01 -4.693149999636311853e-01 -9.317293972371409883e-01
-1.612835463434784122e-01 -5.228959812040236826e-02 -8.863989236863329957e-01 6.435563038110975187e-01 -4.722056132585324972e-01 -9.747943372960035102e-01
1.155874459854843439e-01 -9.935103108091694613e-02 -9.167155195103899867e-01 7.067096642489887337e-01 -4.732307076231908605e-01 -9.447582492271533461e-01
4.660207220524394817e-02 -1.480262944856722551e-01 -9.104767283997672322e-01 6.065282924587089841e-01 -4.683054575078776094e-01 -9.939838626230854679e-01
-4.312813120352267625e-03 -1.750542191029314520e-01 -9.350484641445754308e-01 6.502749263444917993e-01 -4.742979435477220340e-01 -9.790685407919991201e-01
-2.393322359756398510e-01 -2.574992869254963956e-01 -1.042468710049687663e+00 6.117212327305941999e-01 -4.758821813636195941e-01 -1.009923331949774461e+00
-1.907745867590520672e-01 -3.211513367527025209e-01 -1.059212014153974701e+00 5.468998136785919728e-01 -4.757837408885948749e-01 -1.061214723799218884e+00
-2.945976857675805527e-01 -2.271723412753940408e-01 -1.002427077294567370e+00 6.236128369265090399e-01 -4.796180698626131833e-01 -1.002576406994585723e+00
-2.129472217201863860e+00 -5.400763347809610648e-01 -1.106261039827167725e+00 3.590982708808667656e-01 -4.645458146002037214e-01 -1.319598988046680077e+00
-7.321559750997345128e-01 -3.867286581036437076e-01 -1.118894307324991733e+00 4.961866354614642982e-01 -4.708801683117366244e-01 -1.104410150695887438e+00
-4.423063295471587608e-01 -2.498285351527896603e-01 -9.889783162275921358e-01 5.865899929757844022e-01 -4.732076600501664565e-01 -1.023241751204440275e+00
4.146910146605344016e-02 -2.018360170254525354e-01 -9.245471718946568496e-01 6.528674282821059771e-01 -4.764925450354208225e-01 -9.723684787006469099e-01
-1.521579952721216766e-01 -1.966439882953046059e-01 -9.250074348340263652e-01 5.793857820916933354e-01 -4.689201520509855281e-01 -1.011652150984124754e+00
1.028853511156241872e-02 -7.895433144647730217e-02 -9.562003273955865801e-01 7.497268707724527026e-01 -4.752195010737132463e-01 -9.309583620780158553e-01
5.176166403679494793e-02 -1.552188661471201048e-01 -9.546156818689081058e-01 6.903498921242072761e-01 -4.734242285340332645e-01 -9.500929068939588662e-01
6.848212120018591642e-02 -8.178890139824590566e-02 -9.554118801982502962e-01 6.961548506850909757e-01 -4.739478000192703933e-01 -9.537064900820736435e-01
-1.757805864885056413e-01 4.902904585592697193e-03 -9.124707907395129824e-01 7.362679044248381377e-01 -4.729216791642876783e-01 -9.309180425169419903e-01
-4.078700434473244707e-01 -1.949923297543049716e-01 -9.605756142851271662e-01 5.772893742111057103e-01 -4.714308351295555255e-01 -1.032384542959131624e+00
-4.435979637500857553e-01 -3.049176496069652131e-01 -1.033348954791092567e+00 5.468691650093508994e-01 -4.802805207161294221e-01 -1.058850034641718452e+00
-3.352807982640337858e-01 -2.404874152452461666e-01 -1.028805190884163778e+00 6.266957258766924221e-01 -4.776670304441398285e-01 -1.003257007711879201e+00
-1.424075472493113947e+00 -5.893474212830716041e-01 -1.177724430447027570e+00 3.600038445531740239e-01 -4.786750935274922680e-01 -1.244942755915418697e+00
-3.145152036661482686e-01 -1.339314635577379398e-01 -9.641361463000374110e-01 6.509608811151711416e-01 -4.796147125972540226e-01 -9.865206484728051839e-01
-4.766947909514645532e-01 -3.350177296955070827e-01 -1.023143941625568543e+00 5.347321728229063043e-01 -4.748068771744132222e-01 -1.068935354409564331e+00
-3.437042529031438254e-01 -2.176145430847432616e-01 -9.529940892727782886e-01 5.834512982154284044e-01 -4.736964137409452880e-01 -1.024165781424850152e+00
-4.288565662453028282e-01 -1.821940991893327144e-01 -9.694615434101481188e-01 5.818344729614352007e-01 -4.708148602904594360e-01 -1.020334228090942208e+00
