2.736037006591365145e-02 2.705527648680682191e-03 2.607634693111172269e-02 1.712379688392018286e-03 9.173574696557849906e-03 5.193738769179568173e-04 1.274391058017979570e-04 8.028645051044975687e-07
2.826901018274365074e-02 3.577446629182269404e-03 3.462426843949759081e-02 5.711541466839175490e-03 1.785270983749512666e-02 1.289384037204667922e-03 2.610427642376008956e-04 4.102085000938076329e-05
5.851180014441729332e-02 9.901850344144180402e-03 9.799041193954898671e-03 2.029196928772465780e-05 1.167518887123350675e-02 1.366492103568351128e-04 1.774476276553418007e-04 2.423764901100455603e-06
6.723858590364480137e-02 5.768372048493399309e-03 1.606952171610460944e-02 1.416649017957679474e-04 1.425567253919543184e-02 2.550276733471798355e-04 1.525552507719413176e-04 3.871641046057628251e-06
1.979631615942116160e-02 9.618948152369995522e-03 3.660558759432206571e-02 1.345064364643571743e-02 1.903391360383702505e-02 2.004650624364643936e-03 4.532200763394621506e-04 4.354731684299780365e-05
2.233780256249110266e-02 1.072092096340092338e-03 2.464967307818423381e-02 1.274416156838808004e-03 8.770109425523994404e-03 4.706508725301009337e-04 8.376749195221517023e-05 6.486716424188841282e-07
2.457999917812548479e-02 2.966026433043229393e-03 3.013413762066486160e-02 3.475583783242632181e-03 1.071288816499615763e-02 8.540256971619754030e-04 2.183750310821409120e-04 4.362826753687127452e-06
3.640903837427431761e-02 2.758419908494981303e-03 3.916724923442493900e-02 2.809588297357229134e-03 1.575643759903328986e-02 8.200596328320058090e-04 2.325457947083557262e-04 5.147850060435379258e-08
6.148182218151392042e-02 6.201902638950256876e-03 1.605869099726149954e-02 2.939790098315877385e-05 1.678661980238697893e-02 2.517785229451923313e-04 1.925452190551934118e-04 1.908989302065337290e-05
8.389461705695326621e-02 9.490801030161279822e-03 1.812334528671308287e-02 1.071696935036779496e-04 1.878398039882170356e-02 1.696399441819579259e-04 2.027111238484233019e-04 1.260522866533019815e-07
1.402850218311488609e-02 3.804966035128014984e-02 7.764653553474207270e-02 1.339994052295868376e-01 8.649747133900734242e-02 8.672094035490506350e-03 2.856737176676889516e-03 1.196891943188199475e-03
7.757524785386116228e-02 1.046070016925888628e-02 2.459806761052214449e-02 1.088690994342334396e-03 2.725525385653792404e-02 7.720396754741835031e-04 4.131620572147024981e-04 5.565678264515165966e-05
9.577511041673273371e-06 2.960561494408060074e-02 1.041024232068672312e-01 6.192450761054550668e-02 2.949692048891474142e-02 4.611169026410715660e-03 4.450584288535060044e-04 2.273967438448039853e-05
5.131866141701313389e-02 1.393192709940802368e-02 5.051846253444403773e-02 1.631610778166266151e-02 4.167465040425419320e-02 2.695979975542878507e-03 7.720486304579524508e-04 1.329803362318442508e-04
3.708909455397647187e-02 1.440259896796212752e-03 1.527401586461553731e-02 4.726111122402895643e-05 8.977610873954296536e-03 1.590848580711049843e-04 9.912117660727653436e-05 1.338116910046647463e-05
3.497222583743905128e-03 5.358160867916429704e-02 1.474114617133438776e-01 1.893888320801940806e-01 6.849701590148991881e-02 8.406918265218474989e-03 1.723544743075210986e-03 6.744390113640320959e-04
5.107112507620382991e-02 1.723436435449664890e-03 4.140954863239305200e-02 1.362184550702527858e-03 1.975783644269084663e-02 8.240369432638864830e-04 2.660099153574642448e-04 3.738807277515173619e-06
3.259317611081753024e-02 5.983823886415336191e-03 5.284629971635659146e-02 1.088657878731799818e-02 2.670763105558685360e-02 2.146304360783776038e-03 3.864187691736883641e-04 3.135807314173667256e-05
7.348836379162322630e-02 4.277829035274814348e-04 3.067069008393554300e-02 2.024492685036924507e-04 1.481221234888739115e-02 9.990445930678836059e-05 1.551109063362190717e-04 2.791850605782271217e-07
4.437285219473153380e-02 3.582545146401108706e-04 4.771625838296172928e-02 1.001075264380594165e-03 1.511534609594832219e-02 6.311601243186875819e-04 1.423697053788094990e-04 1.231839345820889174e-06
1.875448823084778852e-02 9.279574440177322178e-03 3.972618998454927747e-02 1.769589447996806550e-02 2.240775405175050514e-02 2.223600155670688201e-03 4.681953504686615507e-04 7.265044116560603091e-05
5.054274271868183094e-02 4.339275993618114079e-03 1.483260719687291493e-02 4.264826723781641023e-06 1.170292450500113289e-02 2.274990714609946855e-04 1.463454859048667262e-04 2.841606431810063099e-06
8.462173225430100199e-02 2.562794415789090841e-02 1.436455190520484308e-02 2.056133801646184683e-03 3.066887816392934937e-02 7.625088329749742187e-04 6.018577811621075684e-04 4.239141526599451851e-05
9.234219432734991351e-02 2.686353726740268490e-03 2.606891874137268889e-02 6.677876572715461985e-04 1.352140711136541433e-02 5.855540625904727468e-05 1.692676858736580435e-04 3.206695298305008591e-05
6.035897184673370830e-02 1.154666229523258064e-02 2.161290829416818646e-02 1.074927461176214448e-03 1.787801347868319193e-02 6.937909481938887585e-04 3.385638799071884566e-04 4.103041056453860792e-06
6.319462788036042666e-02 2.767439702360912496e-03 2.244224968907705328e-02 3.872362024797273008e-06 1.627261036413612388e-02 2.519653329020671772e-04 1.864282131094154341e-04 1.309141056667381400e-05
1.588859363756891380e-02 1.017783186073236840e-01 2.551606183761434554e-01 5.034798204773810459e-01 1.589331289790442414e-01 1.683686229163698644e-02 5.191697241437077254e-03 2.857531947002796020e-03
9.616581046634772867e-02 1.823782216104714556e-03 3.922143975849327890e-02 9.612618501241969879e-05 2.284866541998847519e-02 2.610532905870998699e-04 2.315970063218935823e-04 1.929051769339794192e-06
4.568379428843979961e-02 5.976325110789755188e-03 2.794612930390402358e-02 3.059020974962526045e-03 2.127096384154890038e-02 8.664279822805643055e-04 3.067064997340169857e-04 3.608477918704855073e-05
8.323331523047698688e-02 1.185441534046344572e-02 1.843312719543289610e-02 5.659645906939625112e-05 2.450222929543745959e-02 2.874196345087302461e-04 2.595490885042706216e-04 1.750986381605941416e-05
7.759539221903070765e-03 3.390736485839973557e-02 8.940570656598298416e-02 8.933125462508498260e-02 5.928236073515540799e-02 6.758440772386397136e-03 1.504515188162895093e-03 4.332782063177892363e-04
4.805725517272518843e-02 9.123819298415658530e-03 4.908410002265264915e-02 1.258924636094343498e-02 3.735317076154261867e-02 2.225810972059836211e-03 6.593689340120401478e-04 1.073957366486731971e-04
4.364243394144150245e-02 6.490571996076015607e-03 5.423961262926788734e-02 7.073742336071050379e-03 2.492265269373380998e-02 1.775322766548111195e-03 3.954606768921091887e-04 3.134611625747807856e-06
3.911188023054536916e-02 3.814759780660233971e-03 2.434538519298818510e-02 1.902884887352351839e-03 1.454968126247144396e-02 7.081786442262422935e-04 2.529033666097740742e-04 1.586205039370704474e-05
5.855629489427690432e-02 1.551234140097650267e-02 2.834715771273167706e-02 9.268065616765243722e-03 3.469771847936116427e-02 1.886419528025267463e-03 7.637272215927753396e-04 1.525074895313624360e-04
4.401688756101824335e-02 3.876461878719548396e-03 1.505288375279130800e-02 3.147590399684513048e-04 1.034369376187002296e-02 3.309634050586960394e-04 2.220255680674035716e-04 3.455617667455509827e-05
2.695066198049474518e-02 1.170120914863670251e-02 4.058214172900123651e-02 1.812966722384263402e-02 2.905230088960519819e-02 2.270373184079898035e-03 6.062921802665583284e-04 1.030839080789616778e-04
6.752450008374297208e-02 3.981530872100970918e-03 1.442210544678528342e-02 7.118421057319726216e-04 1.258159407587237238e-02 5.280831146231853521e-05 8.060042815200083987e-05 3.217151437670631775e-06
8.473752242653653788e-02 3.805237460849771047e-03 3.300288542547678144e-02 4.212635885736025636e-06 2.261548591409261177e-02 3.917945402404904146e-04 2.538014850946640412e-04 4.761971288765590231e-06
7.783631262825721486e-02 1.464680254422963054e-02 3.158078672749022736e-02 3.114488002318444807e-03 3.213224986010663337e-02 1.202679233723002008e-03 5.683951920291195701e-04 2.178339794835820712e-05
