1.094513281195461651e+00 4.904842379393511975e-01 2.294049976688763870e+00 -2.040431746454979267e-01 8.377191705155241641e-02 2.606715416884675118e-01 8.252984139768620997e-01 5.282735093345233279e-01
5.183342008510445353e-01 9.338080006017217549e-01 2.381042802479351295e+00 -3.561071400077071014e-01 1.732513057526798295e-01 2.591274463978352482e-01 8.115177966945017474e-01 5.538125763993467787e-01
2.178596018709224591e+00 1.264330239246375109e-01 2.463460753404778991e+00 -1.806304836417131354e-01 1.995753361505308854e-01 2.571449213615912277e-01 8.032788180903130959e-01 5.211606600810613221e-01
1.980922031556982876e+00 7.633669991731828475e-01 2.779792580080330033e+00 -2.022650797683888946e-01 1.485949694029063683e-01 2.470913990709365238e-01 8.107126777183847333e-01 5.480678342708106277e-01
1.128474530150375355e+00 4.778324316503944347e-02 2.229147440150707205e+00 -3.706263165001036919e-01 9.134320998828394933e-02 2.418805170921593251e-01 8.112790594768776176e-01 5.262433803305527347e-01
4.155394166748416218e-01 1.112015851206353156e+00 2.381086660582203418e+00 -3.384594966806858118e-01 2.131379561906308062e-01 2.488187202052898617e-01 8.102354948172781901e-01 5.427864156266450912e-01
1.307673705454251545e+00 1.727043590976355680e-01 2.155055501716755195e+00 -3.916354001931374174e-01 1.038190178868650948e-01 2.525664672768969110e-01 8.214173000152522608e-01 5.143964053742191567e-01
9.197559904959259347e-01 5.743482423949423099e-01 2.190687567522147106e+00 -2.433137702710936046e-01 1.225627212363731983e-01 2.590828776172695025e-01 8.194194338100579955e-01 5.043323042545788670e-01
6.176151572946302348e-01 1.497980092241573136e+00 2.591582683680490717e+00 -2.125896778204746373e-01 9.446812694612388706e-02 2.558878683602149873e-01 8.339195471294923445e-01 5.432650597997367159e-01
1.502671483461836210e+00 8.592158795846589481e-01 2.583683601667509766e+00 -8.490391968514435228e-02 1.677105108852453563e-01 2.520071152789650770e-01 8.134689434459081436e-01 5.230318945937481034e-01
1.766668302821021719e-01 2.369133937576760884e-01 2.410916712575946530e+00 -5.636460753069136992e-02 1.358847847245578666e-01 2.455172171314261576e-01 8.124565676897922417e-01 5.292814232083703496e-01
1.301334153441539687e+00 6.212814632636752821e-01 2.398783093465657767e+00 -2.658243668704349250e-01 1.395456378670655584e-01 2.640173035605271612e-01 7.998775351957467805e-01 5.240808007315993500e-01
3.373147723796164899e-01 -8.500313047980581627e-02 2.455535220732971258e+00 -3.278331964542026133e-01 7.322110917822956255e-02 2.450817009262902524e-01 8.107244823103471054e-01 5.354886843101072103e-01
4.850785561798326984e-01 8.287194324217720398e-01 2.305884595092281497e+00 -2.301221343884546910e-01 1.469450335562408894e-01 2.666305202775330341e-01 8.093946466582015997e-01 5.377444194641439745e-01
7.332918663385723512e-01 1.259468799087728463e+00 2.490672722653125781e+00 -3.185975139714936621e-01 1.209534549035036904e-01 2.580907686543923996e-01 8.223598153218028006e-01 5.285346676168761748e-01
-3.210235979316060639e-01 -1.660221408132946663e-01 2.785484522188222734e+00 -2.132979602589556989e-01 1.911592954658158650e-01 2.533824707799972598e-01 8.135384111492416359e-01 5.261537509538982693e-01
6.014150552969008690e-01 1.108245119753869190e+00 2.319508038281585360e+00 -2.476507380627951949e-01 1.596198709352937284e-01 2.540504616682582317e-01 8.160884731425670502e-01 5.087617993068687117e-01
3.316232645920511590e-01 1.007733973824143314e+00 2.348415605845183940e+00 -3.384905636263816353e-01 2.066093648483365297e-01 2.571746927153899520e-01 8.048787032825652776e-01 5.508933297539064800e-01
8.572266246390358724e-01 1.664118479448525978e+00 2.660869285815059548e+00 -2.538324275523604623e-01 8.556033513421491821e-02 2.477792972491422996e-01 8.139625352419672666e-01 4.993201541915265884e-01
6.226158066254287027e-01 1.138230144311788594e+00 2.347629252900575114e+00 -3.610035422538362959e-01 1.719094835291057055e-01 2.540287482293581145e-01 8.045144559907693171e-01 5.157075629404737072e-01
6.431875810691503048e-01 4.168501593217543433e-01 2.358093727932724093e+00 -1.565028887817994097e-01 9.364716167731705621e-02 2.501698486290359069e-01 8.112878662602918123e-01 5.483754374266976983e-01
1.321878297831911908e+00 9.496345192299766591e-01 2.613301950156892595e+00 -1.756477370527739224e-01 1.049061059187378075e-01 2.617938653727607812e-01 8.167561296405688731e-01 5.535772209986945525e-01
1.154164479669398835e+00 5.198060046239117993e-01 2.402591469695318338e+00 2.258691838271791388e-02 1.832563472430172036e-01 2.598450897248782421e-01 8.081685937449960555e-01 5.247431233406237849e-01
2.908277284436459720e+00 1.292099781020731586e-01 2.660527285109659967e+00 -3.076584197561494927e-01 2.399280654095150844e-01 2.535318617810097819e-01 8.329495620857765292e-01 5.255145664341601686e-01
1.508545223237978794e+00 2.904162351183217639e-01 2.354703808117954988e+00 -1.459442466558238116e-01 1.330029271152987080e-01 2.453731428190449870e-01 8.141571726560352662e-01 5.285200352710088811e-01
1.095321464007953605e+00 1.129474348439895248e+00 2.524923720716138131e+00 -2.909354358059762502e-01 1.314477947061995777e-01 2.499185236746164773e-01 8.029917971295804646e-01 5.152081572748357097e-01
-4.603582441435450368e-01 -6.137554326546976746e-01 3.137107935456030283e+00 -3.352154595733728981e-01 1.437452929378029987e-01 2.625857134905014711e-01 8.173509471629509804e-01 5.048391707782130533e-01
9.785703103948705239e-01 1.390919415443856888e+00 2.579235926844609672e+00 -2.195591973131146291e-01 9.836954773952974462e-02 2.549406117143442896e-01 8.072539665816342858e-01 5.072010692479473892e-01
4.167802252052550394e-01 1.165249449968952966e+00 2.363605104350681607e+00 -2.822046707144557631e-01 2.230160112445635778e-01 2.481457252355718512e-01 8.284682216528063137e-01 5.246218059971602399e-01
5.866695714060697897e-01 1.433299694738213059e+00 2.539473452113367280e+00 -2.397299841984295854e-01 1.247941312793693081e-01 2.559352438001071262e-01 8.202575348046785564e-01 5.355957251783586281e-01
1.235818768929931727e-01 3.086609466449745098e-01 2.457634115162656840e+00 -9.806329141020957152e-02 1.352137582689362794e-01 2.490848284673930491e-01 8.195643198305255783e-01 5.468121539787366148e-01
3.630820180536925013e-01 9.263103104194320148e-01 2.255179823895382629e+00 -2.604128829441437754e-01 2.448559985166541275e-01 2.481110144517980343e-01 8.206296617689413653e-01 5.120122820847270440e-01
8.425490635174404108e-01 5.921681352262335718e-01 2.252427479623563045e+00 -1.684532508871431356e-01 1.384548194984061009e-01 2.518341201763547033e-01 8.170437950533732119e-01 5.203327005998995558e-01
1.096107643865434911e+00 6.010543326770174666e-01 2.324848520082698489e+00 -2.262623383045882786e-01 1.273802231379457250e-01 2.594731281944706591e-01 8.128628210524920794e-01 5.235167279851478117e-01
8.756501520280579598e-01 5.855302717829524717e-01 2.345731374593298391e+00 -1.450866223950688094e-01 1.541815665679207858e-01 2.505374330278185568e-01 8.124314016290911100e-01 5.284637211461922224e-01
2.051301359027928317e+00 4.045836567091054548e-02 2.328107270980181998e+00 -4.110766426500210291e-01 1.025517204842594371e-01 2.593036780474817227e-01 8.158618144328079191e-01 5.356964910122393730e-01
5.206334390318477778e-01 5.229722211874658910e-01 2.244773985117211712e+00 -1.167562298658313680e-01 1.447229289945122510e-01 2.611853240867533232e-01 8.240812552955522063e-01 5.188695413220224539e-01
1.674479511972656764e+00 1.384976590190469592e+00 2.962949907922007409e+00 -2.289060363035435031e-01 1.201463759466723374e-01 2.496982949826684339e-01 8.123637934057569288e-01 5.282798647979533024e-01
1.094883696893894420e+00 1.087860777887629693e+00 2.489281865409726180e+00 -1.926020642215444945e-01 1.475559145301089947e-01 2.559346753106198080e-01 8.099574309785291248e-01 5.094724853257774910e-01
9.745396444721649010e-01 6.560746093297281645e-01 2.312190606913338886e+00 -5.223317239626974751e-02 1.323399948730688003e-01 2.554160582831566106e-01 8.168806973761778556e-01 5.159631467837146879e-01
