1.102152862942864964e+00 4.718302124471379089e-01 2.288637602049123476e+00 -1.983157720536038726e-01 8.677746672339581302e-02 2.601612803165561649e-01 8.251770360124431880e-01 5.268990104847960376e-01
5.577498027647976864e-01 9.567820061305556401e-01 2.386274923998061404e+00 -3.440180869738385105e-01 1.739816613529583944e-01 2.581033253133813710e-01 8.123568111124589430e-01 5.493635818811850591e-01
2.185160961265477653e+00 1.130249810848948794e-01 2.459176833965036391e+00 -1.756182077525844654e-01 2.025501635149858093e-01 2.569497508818562870e-01 8.032993767993449330e-01 5.203401757011133499e-01
1.998863597203902831e+00 7.532415339908709040e-01 2.776592206611159241e+00 -2.044305212866858457e-01 1.562533995750429172e-01 2.457858481238401893e-01 8.101907337116278640e-01 5.443227321058550228e-01
1.186037659363395447e+00 7.430831478911070764e-02 2.219235605997879279e+00 -3.556646568743950798e-01 9.828664985411528221e-02 2.438285384030504377e-01 8.105357232447093496e-01 5.241967093416736168e-01
4.388715101689587561e-01 1.128662013654491814e+00 2.387851114450710632e+00 -3.268440100416279970e-01 2.110325887123603861e-01 2.481767487525379789e-01 8.110490287512250873e-01 5.400529250071384180e-01
1.327827979096160460e+00 1.868505028035100379e-01 2.159214209186824274e+00 -3.871663348780997049e-01 1.045620059397466411e-01 2.530380562586524440e-01 8.208100111656054798e-01 5.134782015129374377e-01
9.252876125940971974e-01 5.899503156701535467e-01 2.192341436294386714e+00 -2.444082638621371262e-01 1.232691560568845435e-01 2.594822369531557538e-01 8.196989965774520437e-01 5.043903202167294708e-01
6.287096138151329061e-01 1.476199819322424833e+00 2.582003872140846923e+00 -2.117918715854270606e-01 1.007468267804555173e-01 2.554102341959575972e-01 8.328516347150441979e-01 5.411903461452844954e-01
1.517770004562205122e+00 8.576108593981021100e-01 2.588582190460059440e+00 -8.310864981385601702e-02 1.722047164471812719e-01 2.515181981158463587e-01 8.133793909121492804e-01 5.223416503506270736e-01
3.445342975891369508e-01 4.418349562033982436e-01 2.295785110393927297e+00 -5.339160665934970101e-02 1.566751357142886214e-01 2.481511915556883774e-01 8.128576514897746241e-01 5.234918887597236337e-01
1.309714410931136719e+00 6.201537938585190979e-01 2.402315430173173283e+00 -2.591771731850743832e-01 1.398967785039064438e-01 2.640710628533560200e-01 8.000780026159987068e-01 5.238897088734938423e-01
3.356579831436920514e-01 -1.320142368828038648e-01 2.461113295262820522e+00 -2.445530748499105123e-01 3.877001930237772287e-02 2.401099823459819371e-01 8.186820818395764698e-01 5.264157279653252086e-01
5.488938800664043827e-01 8.927067051531838437e-01 2.308308188122127014e+00 -2.263662050922640168e-01 1.533076998598741914e-01 2.660528037441806104e-01 8.100080597153376250e-01 5.333518621844778318e-01
7.421953904056549645e-01 1.261690290944553983e+00 2.492667105872160338e+00 -3.204914379036885586e-01 1.227041590264485865e-01 2.576594550502150915e-01 8.218673008986541184e-01 5.276720444062380500e-01
-3.368511725566313841e-01 -2.162580193183536448e-01 2.810046273686344520e+00 -1.094193304290805163e-01 1.442519673824844417e-01 2.477642505139329432e-01 8.246145619721725328e-01 5.157661321212139161e-01
6.047908009470884805e-01 1.114819498253558860e+00 2.320119366209115075e+00 -2.473655308323242374e-01 1.596067767897426104e-01 2.541781942620174872e-01 8.161469892618338218e-01 5.085586180589297678e-01
3.784472486381780798e-01 1.090778451260284276e+00 2.350734093524764923e+00 -3.424449325633335262e-01 2.043098548000932546e-01 2.554604185214843781e-01 8.066406351051249590e-01 5.448510292573737201e-01
8.439509838935368435e-01 1.654382772747616803e+00 2.652008837376699013e+00 -2.523000433697134559e-01 8.346779184130703744e-02 2.488672874345377317e-01 8.142780526598216717e-01 5.013731486572272633e-01
6.382564121547806835e-01 1.181566947079201180e+00 2.361255790221623574e+00 -3.567383772401764297e-01 1.667127962608848657e-01 2.538785220757973082e-01 8.055247064151349612e-01 5.140834809139904760e-01
6.966505497686811266e-01 3.728155663628566208e-01 2.346687544129902658e+00 -8.397982953324943656e-02 8.368915177536133398e-02 2.489727713860502012e-01 8.140806746331694654e-01 5.409742317780790177e-01
1.354481084096334165e+00 9.162230400758619719e-01 2.606969743263479522e+00 -1.665719956875948427e-01 1.158692386924952689e-01 2.608552646141421016e-01 8.153833159655348162e-01 5.501920336766387143e-01
1.187374408487080091e+00 4.715473535960991169e-01 2.395819871013543434e+00 4.744094319042484881e-02 1.902419344403449009e-01 2.593578454713469927e-01 8.071819991452374721e-01 5.222038050903958784e-01
2.465511604838965365e+00 9.778137514256450905e-03 2.410723435035056816e+00 -4.400586694110000807e-01 2.055022969608623629e-01 2.401482456808406718e-01 8.627520028138495611e-01 5.196811366711544533e-01
1.524614818603810429e+00 2.708125402746727195e-01 2.350476841404411488e+00 -1.351292139157186656e-01 1.362542042701506695e-01 2.446550439456902093e-01 8.141727469856675503e-01 5.258797678636542017e-01
1.093910244343305971e+00 1.139336242293780499e+00 2.528826169467625284e+00 -2.951519486231200529e-01 1.302115322418368470e-01 2.499665839782919674e-01 8.027131659325188462e-01 5.153131349430760677e-01
-6.858998219694244503e-01 -8.710531801594407764e-01 3.468918672926313285e+00 -5.596236557251744737e-01 2.359848084018073833e-01 2.793837885162653856e-01 8.093878019254495682e-01 5.099256085131330662e-01
9.799137155437616098e-01 1.432298578308544235e+00 2.600852985460269551e+00 -2.259315291923281732e-01 9.373001598321258065e-02 2.547077839028409896e-01 8.077233357503051936e-01 5.079479603707179880e-01
4.284659808846013052e-01 1.216805406929768463e+00 2.375402761947086994e+00 -2.871273516358643918e-01 2.198641076990082155e-01 2.478434378705960950e-01 8.290920736055219509e-01 5.233990757134681093e-01
5.981341423959569692e-01 1.419251235072120254e+00 2.533921986656477721e+00 -2.367211927784126646e-01 1.287774383356098118e-01 2.556466396474143532e-01 8.194811820580136796e-01 5.339813986394382761e-01
2.301299711140086801e-01 3.119749450718164452e-01 2.403467353032013865e+00 7.504302471701873589e-02 8.622053207812510611e-02 2.449340530787970649e-01 8.313200410283393404e-01 5.315450086154397402e-01
3.567869521023099844e-01 9.720167979804241742e-01 2.250020033084584536e+00 -3.002404639047697166e-01 2.540197581575181496e-01 2.492771410099851870e-01 8.189475658439548944e-01 5.150154061293741314e-01
8.705908445062466861e-01 6.136801172667447624e-01 2.250412103006971254e+00 -1.679392593024253422e-01 1.438361701749789334e-01 2.516758657666388621e-01 8.173414428091061446e-01 5.180357709173213365e-01
1.091825004936169297e+00 5.935199706492785277e-01 2.322209027300047968e+00 -2.219554780925466209e-01 1.256972497367705999e-01 2.593217214662374426e-01 8.132814493889212182e-01 5.227599033534190420e-01
8.772628128271495740e-01 5.655826695924477399e-01 2.342838436155311843e+00 -1.351294258894428224e-01 1.531503001512512507e-01 2.499880350674281160e-01 8.125693015413975040e-01 5.274261331805569775e-01
1.732957549443035594e+00 -6.521211447462420263e-02 2.242013445504823288e+00 -5.168814719241757727e-01 8.235760603776748345e-02 2.510783857031255728e-01 8.257868057022887953e-01 5.334827867086299191e-01
5.623332983813688069e-01 5.885317813530777098e-01 2.240451748790154962e+00 -1.349212009141483037e-01 1.555829240789883827e-01 2.619389777288704257e-01 8.231708209611391380e-01 5.184965254302287274e-01
1.674033088008883841e+00 1.371340152741893581e+00 2.952432022566443326e+00 -2.281221757415239637e-01 1.232264318478705351e-01 2.494809302915175220e-01 8.121063561573864664e-01 5.269731903192408362e-01
1.097450067758353187e+00 1.130727909595373948e+00 2.508532433589043542e+00 -2.042469612549184521e-01 1.446672471614359745e-01 2.553345809824975055e-01 8.103084570292450328e-01 5.093699470653437755e-01
9.671924715268940265e-01 6.469835442745915932e-01 2.305489284796305771e+00 -5.206266955473330682e-02 1.318776992326916586e-01 2.554617473862908494e-01 8.170848565342471170e-01 5.160165945394032949e-01
