2.707478157644473485e-02 2.545318814955601153e-02 3.300834777260284666e-03 8.782163177316240632e-03 1.321073833215058663e-03 2.028637009131766054e-05 4.577347664343043741e-05 1.110903346777317310e-04
1.165472177752322445e-02 5.595752599986793252e-02 3.174712574160873033e-03 1.679598975915577719e-02 8.053987995393271362e-04 2.114083580287005038e-05 8.217634376046962803e-05 1.242422736198419201e-04
2.997364167779302535e-02 3.882092721403195695e-02 6.329088553193045266e-03 5.992407874975161711e-03 2.577264651582716719e-03 1.827818822700802599e-05 7.880887699246624572e-05 1.047927001419785551e-04
2.423653679801939659e-02 5.784075683842884036e-02 1.168582246747443786e-02 6.975909528271318806e-03 3.256972073495143904e-03 3.285052246493611386e-05 7.941774476692341439e-05 1.088229315867617210e-04
2.583242190199242644e-02 2.725737446276505632e-02 1.263515135190442602e-03 2.533971260414701054e-02 2.004058763564717932e-03 5.180548374272141317e-05 6.819450942168731988e-05 1.445943875317480434e-04
8.573575333635454279e-03 3.904833703135132672e-02 4.186038376087575577e-03 7.919326528498381312e-03 8.588274990158274074e-04 2.164430658552705787e-05 8.294565701232708402e-05 9.003154163125307832e-05
2.788460523299905042e-02 2.465776984661503801e-02 3.495678642651905976e-03 1.191258131584891841e-02 1.146111680482467038e-03 4.063886291407101499e-05 5.568556065927383539e-05 1.173850347338532872e-04
2.190488304426708652e-02 4.337863275844689587e-02 5.880100787065968039e-03 1.399926694108580283e-02 1.115067686237661716e-03 2.579386987325704226e-05 6.413451461745909926e-05 1.259278678017353539e-04
1.832379582230593551e-02 5.328783560085158244e-02 9.555141929360818839e-03 8.876381157502026206e-03 2.010615195943290124e-03 2.994620662351687442e-05 6.906905590456848963e-05 9.603534287435141331e-05
3.242964638818691264e-02 6.018901651926109042e-02 1.186637772131364683e-02 7.162926092540882091e-03 3.751303484516464379e-03 3.348832234753019424e-05 7.248612958894710035e-05 1.271464613137406714e-04
3.118533447701718822e-02 8.078497601195139266e-02 5.241160507982478914e-03 1.150636575686109081e-01 1.058951610632793278e-02 1.030413948143120401e-04 4.704796254901182431e-04 6.892563162282939462e-04
2.255103225965289851e-02 7.886538760751034272e-02 9.383991586030137125e-03 1.879210895922684907e-02 1.688726830537327483e-03 1.681478222002624851e-05 4.701087968631151179e-05 9.734692071572394417e-05
3.706534661660815938e-02 3.934018117630484063e-02 3.024262404592076292e-02 4.697536748612693436e-02 8.629288392276297098e-03 1.155182412940529901e-04 3.360002945528385901e-04 3.751027167199273184e-04
2.337323056867516777e-02 7.503889041900212165e-02 3.496952625082286065e-03 3.799610529550247195e-02 1.145079232362408196e-03 2.561488026231974047e-05 9.753408421115269099e-05 2.191240888856319121e-04
9.653938676992214821e-03 3.137737300880258373e-02 7.391932248605573991e-03 5.046473180344183268e-03 1.117456735778173376e-03 2.229269960442011042e-05 5.363714827319543361e-05 6.064416824530954083e-05
3.495380434732747038e-02 5.286067599266593142e-02 5.789928131722830301e-02 9.144112627833458906e-02 1.905761509112900015e-02 2.832700688377835264e-04 8.694287035900190351e-04 8.107557938541933452e-04
1.274039692286260857e-02 6.919559939515262936e-02 1.049772028836202208e-02 1.236501449487183678e-02 1.240611281567260580e-03 3.121194340004309958e-05 6.355334068898340564e-05 1.248003955463116040e-04
1.132883481313546291e-02 5.723107418107555716e-02 3.449437961965723300e-03 2.049145329485462311e-02 1.530901031801533288e-03 2.928909590466344622e-05 1.283819398484309631e-04 1.728828566346416829e-04
1.694448801434827317e-02 7.314979037638313919e-02 2.528127188301179315e-02 6.073397196123131100e-03 3.188416698523351914e-03 5.003604868682426620e-05 8.579192503711155872e-05 1.170858273428796115e-04
1.053066520657946863e-02 5.481731324264130928e-02 1.127984707478738545e-02 9.029972186275117552e-03 1.734263738711362040e-03 2.970470771175970817e-05 8.429097380457314665e-05 1.187736559816529179e-04
1.918101262471892318e-02 3.808135414831156917e-02 1.122205467044409257e-03 2.892662350328651516e-02 2.511027790662867087e-03 3.678584252364607227e-05 8.519822612096729396e-05 1.852664493646590741e-04
2.109512239639886252e-02 4.568347433972475002e-02 8.312036013567652287e-03 7.075681422119389254e-03 1.901846502145590305e-03 2.278405831986798536e-05 5.630452256969792406e-05 8.928522717327045299e-05
3.683679496380269647e-02 7.128657672563817882e-02 3.229865903848644099e-03 2.069921987077921050e-02 2.128686026411081515e-03 1.900083413712156522e-05 6.420150618295924019e-05 2.110101790262159987e-04
4.902550861968608675e-01 9.706280737651792889e-02 1.462500348904510750e-01 7.144923602023563192e-02 2.721605599280849108e-02 7.871546669020634997e-04 7.693211964638340707e-03 2.064659001707298304e-03
4.233637654255866661e-02 4.326591243312127855e-02 4.779835619776064311e-03 1.460624921226761318e-02 2.532879960136769602e-03 3.727660480900853960e-05 6.965631553479322501e-05 1.419469828078308586e-04
1.643898486313724594e-02 5.844929150406633078e-02 1.421128791497298753e-02 8.360560098821788813e-03 2.110791585051236072e-03 2.459142108261443068e-05 5.123755876634951905e-05 8.491513998534541414e-05
8.543446899121649729e-02 1.263835079290431540e-01 2.138484388712467155e-01 1.413042883804435379e-01 2.957756369939706226e-02 8.655868243203360601e-04 1.057235000747925278e-03 1.001558859985740872e-03
2.161191223099009559e-02 7.793146416821544742e-02 2.269262681408389451e-02 7.722282572470430886e-03 3.439230575580924654e-03 3.855806777129366914e-05 7.264627767489205390e-05 1.039766516628143903e-04
1.175998825102549453e-02 4.348505262855804909e-02 5.259747685334119696e-03 1.041885271808932513e-02 1.073397457764524877e-03 2.437871166174785883e-05 6.949065538881580943e-05 9.469298232295607191e-05
2.605738580022138803e-02 7.543775439354863388e-02 9.813111812293474900e-03 1.309313056452193237e-02 2.764572680253801068e-03 2.751319745354873276e-05 6.677354646565025677e-05 1.642097616369887878e-04
2.198600562331807021e-02 6.276167953072295247e-02 8.872858422348445240e-03 1.014549590364611648e-01 1.249645618357856335e-02 1.273265443183348243e-04 4.830413733622921182e-04 6.621185681846618147e-04
8.166706930159828640e-03 4.869231661815680984e-02 3.101090165845947575e-03 1.307890398986821801e-02 1.150204787968183697e-03 2.395911617357733510e-05 1.061897528705736053e-04 1.141183124842125041e-04
3.116269935027042581e-02 5.725764805546433578e-02 5.054480026202198481e-03 2.435942433667565021e-02 1.764703431721368568e-03 3.935178003109359373e-05 6.959264651860024617e-05 2.081646795887377092e-04
2.263485934329694665e-02 4.648489995563962612e-02 5.324518262652167683e-03 1.388403668971556308e-02 1.052173877432904326e-03 2.171767465335567156e-05 4.639863881573954934e-05 1.043607989864916839e-04
2.706759072242218012e-02 7.949896623655296202e-02 3.072097017033317660e-03 3.891064120115665659e-02 1.487273905721208864e-03 1.989239565239591867e-05 5.771981891445186904e-05 1.849288246529950626e-04
2.305325534291043921e-01 8.463052246303799653e-02 2.771193902966562900e-02 6.913250649876404030e-02 2.485101255543490165e-02 6.538153861926157290e-04 6.986768178985364045e-04 5.764232691389295201e-04
2.291609639948481020e-02 4.927247469674819053e-02 1.306796831522650040e-03 3.292532007273711592e-02 1.783224549075094773e-03 2.873628409380883541e-05 1.070765490867087752e-04 2.158933304765676216e-04
1.958093247910892495e-02 5.484636595208332993e-02 1.406778234202876558e-02 4.563332159645512760e-03 4.025094717860359592e-03 2.736696643324893407e-05 6.446602306075607954e-05 8.325561949323974831e-05
2.316299441259245251e-02 6.859263006049895472e-02 1.688340437115267920e-02 9.534929773281802454e-03 2.705363920630269193e-03 3.350576240087152518e-05 5.571537614474131485e-05 1.050614423599742828e-04
3.751056829450170188e-02 7.046403712678263320e-02 4.872912222149792562e-03 2.478766571555901174e-02 2.622929238970030368e-03 2.655326654376761919e-05 5.041484720559864617e-05 1.867016162291064527e-04
