1.102723050085577139e+00 4.739858187270854506e-01 2.279878678749953202e+00 -1.966378362046719563e-01 8.641451745069314572e-02 2.602122134502247164e-01 8.251681254309194413e-01 5.266608015528010389e-01
5.550169289226034586e-01 9.889049118173598441e-01 2.377326392354079054e+00 -3.631923404542638512e-01 1.745964221559591079e-01 2.581147425432240849e-01 8.128591414181444152e-01 5.493668757372206501e-01
2.186343382901579258e+00 1.059043609267002473e-01 2.456332002517091162e+00 -1.724785818687420147e-01 2.024260698434240391e-01 2.569821847722293384e-01 8.035814962678990980e-01 5.203752383127125958e-01
1.996816622086257542e+00 7.587753845775656591e-01 2.774969108572727272e+00 -2.068644157311782528e-01 1.557471685808790585e-01 2.457940561648250810e-01 8.104021653249833257e-01 5.442352067549024452e-01
1.178428043546119408e+00 6.095156066492643521e-02 2.217149132082948171e+00 -3.417928519437022361e-01 1.019749152671316356e-01 2.440711075499271410e-01 8.105756437461733022e-01 5.240167505727617581e-01
4.361945552154009587e-01 1.138060484912466697e+00 2.379041147350693386e+00 -3.345438501065567949e-01 2.113756287672021172e-01 2.482352409538457760e-01 8.114738749020721231e-01 5.400558110331183936e-01
1.330647877910841048e+00 1.799928821485599906e-01 2.153012656344880149e+00 -3.843839548758387070e-01 1.055531390178945095e-01 2.535124185875319291e-01 8.208241302721517307e-01 5.133921728671315687e-01
9.233689905939116427e-01 5.884037252772668092e-01 2.177022384959675705e+00 -2.480415759663774922e-01 1.234998235235344188e-01 2.595575987351355640e-01 8.197012014131169755e-01 5.042400545770024944e-01
6.157579382909890153e-01 1.502748452472035812e+00 2.586280833687257363e+00 -2.264736658580070727e-01 9.723036794960605855e-02 2.553516984516012167e-01 8.328082750494468778e-01 5.416369634868447580e-01
1.518811844935774813e+00 8.628318392603437914e-01 2.586013428414961179e+00 -8.472808492242110689e-02 1.713439870940378640e-01 2.514821680871878185e-01 8.135741048282816301e-01 5.223838671981184678e-01
3.227426452214709474e-01 4.445635220418046041e-01 2.275230634585815537e+00 -1.347216796297929231e-01 1.813721157351451396e-01 2.500852342706381681e-01 8.117215484223512245e-01 5.292948324812011274e-01
1.298307169929700855e+00 6.417975311655512716e-01 2.392127982202770120e+00 -2.765061857195890704e-01 1.386420697283349823e-01 2.641687228316607627e-01 8.001979569205507348e-01 5.243863573382575582e-01
3.440806893856781512e-01 -1.272722813078671633e-01 2.432732931048402936e+00 -2.293707122301988366e-01 3.618946283409944092e-02 2.405983111885398873e-01 8.191792566350875049e-01 5.259702608600241858e-01
5.202837598937726238e-01 9.278975798724036217e-01 2.296588335542839143e+00 -2.749763360017708491e-01 1.536231326650347728e-01 2.660838333977892933e-01 8.105465959976981827e-01 5.351970740192545373e-01
7.379868947538901214e-01 1.269277716849752213e+00 2.490089010744421127e+00 -3.258629277917647338e-01 1.226779780069583020e-01 2.577357281158564328e-01 8.218781316863699171e-01 5.277937894076614178e-01
-3.353746751037647300e-01 -2.205550064709350389e-01 2.793107445227206220e+00 -1.280343140704648386e-01 1.488616719555895529e-01 2.475814972805777670e-01 8.244843444718519265e-01 5.162754456341217546e-01
6.003756375460582717e-01 1.122495549157932704e+00 2.303461336185072206e+00 -2.634116505070974723e-01 1.615451199302262997e-01 2.542389656688113231e-01 8.163665075135334570e-01 5.081072101263263141e-01
3.706753448252926297e-01 1.112801463523486190e+00 2.340399158913159638e+00 -3.605940544704992479e-01 2.018316627481580583e-01 2.554637312078171796e-01 8.074719218239948537e-01 5.447628211505126661e-01
8.426508205163595333e-01 1.670943121377673091e+00 2.657610560620737417e+00 -2.552067655599148388e-01 8.308876706456304329e-02 2.486829205139512444e-01 8.143024268052498904e-01 5.011654902808265755e-01
6.358794550108336496e-01 1.185081657229985153e+00 2.349432398293302082e+00 -3.588047031065819681e-01 1.683173481662610382e-01 2.539567791313094847e-01 8.057888025228486795e-01 5.134805693975117435e-01
6.938317484151848014e-01 3.515204131053771830e-01 2.342708130015958901e+00 -7.656316985893765747e-02 9.031228438448798967e-02 2.494416217698946503e-01 8.142146206368578998e-01 5.410158433847789272e-01
1.356913927440744017e+00 9.252781137515831977e-01 2.605749663366885294e+00 -1.689287755018789583e-01 1.146346419102536179e-01 2.609257846988010110e-01 8.154303425992464049e-01 5.503504531347482853e-01
1.200416341034253431e+00 4.131204689129141516e-01 2.386227796247883948e+00 8.285632590291586164e-02 1.893788391261724824e-01 2.594165514820924168e-01 8.073943387264639338e-01 5.213082972813023463e-01
2.766054964804392835e+00 -1.518764271347050610e-02 2.530530205325877802e+00 -3.490702321989134216e-01 2.349871997973088378e-01 2.497019619053142125e-01 8.402522705391433089e-01 5.204488920690839571e-01
1.525611666793004639e+00 2.480905568937868677e-01 2.343080384975324559e+00 -1.237442149440093897e-01 1.346471798038423318e-01 2.449949749177444680e-01 8.146790741779137424e-01 5.256312612119282690e-01
1.091729646653394559e+00 1.160620324337203968e+00 2.531761112993568652e+00 -3.048397069118937708e-01 1.287336322128510568e-01 2.500449384280778453e-01 8.028142077356854589e-01 5.152324611153581424e-01
-6.572452977994597267e-01 -8.293114863363201250e-01 3.405792342768982017e+00 -5.724595185504810502e-01 2.398742902090956752e-01 2.774727064875377458e-01 8.092496153877506426e-01 5.102300608023488948e-01
9.755341627253206749e-01 1.456618069618492495e+00 2.602882124637178496e+00 -2.332461203952594098e-01 9.071784065762084071e-02 2.546563245894620797e-01 8.077389066840596765e-01 5.080078032966838242e-01
4.183642391836187580e-01 1.232515785175109180e+00 2.369941135371612440e+00 -2.995793463982279192e-01 2.196720969435523863e-01 2.478902815958095585e-01 8.293427828488373343e-01 5.238933239952701104e-01
5.718637036614245828e-01 1.462922092782155570e+00 2.537242747658694952e+00 -2.580192981283092046e-01 1.219917245644078219e-01 2.557544446122717030e-01 8.196679545897287422e-01 5.355277746548917639e-01
2.361913042504573679e-01 2.541857515160997893e-01 2.382717467993004323e+00 1.099617978823571041e-01 8.135804097866240758e-02 2.453214661407266961e-01 8.343465244312976425e-01 5.312183001607603261e-01
3.548026512122818832e-01 9.804583925915296705e-01 2.239307139769354027e+00 -3.109449180887387532e-01 2.529932272213917810e-01 2.492622447270748109e-01 8.190244190452203865e-01 5.148940945423865490e-01
8.619107364578812991e-01 6.100155621430346509e-01 2.237308695638658307e+00 -1.713574130240766713e-01 1.445425036693120668e-01 2.517738288408564729e-01 8.175535860841333102e-01 5.172291529839362356e-01
1.095582107580509890e+00 5.976994929708099313e-01 2.312582548080255762e+00 -2.252343224143392719e-01 1.254033470692302865e-01 2.594762221665611324e-01 8.132285506276166753e-01 5.227333076809004275e-01
8.544613888405122593e-01 5.698077683655631276e-01 2.331125162087769098e+00 -1.593361445941228194e-01 1.576499395594893049e-01 2.500907748012318188e-01 8.126293401423733131e-01 5.287269857533214434e-01
1.907498205196751284e+00 -8.054607869588753521e-02 2.265382227742556154e+00 -4.489787433592785648e-01 9.532392630248971710e-02 2.552108174832419807e-01 8.206141106616553493e-01 5.348655100687278452e-01
5.490214145554522807e-01 5.947042783283456036e-01 2.234905425227230680e+00 -1.575661261116920731e-01 1.620924050390673277e-01 2.621517218157802254e-01 8.232661712728780445e-01 5.197249429593704395e-01
1.671766240729658959e+00 1.389294855638000037e+00 2.955895031646133209e+00 -2.324429137794146449e-01 1.191505720754609254e-01 2.494414246112517108e-01 8.120603871792582140e-01 5.270126602576495900e-01
1.091572088721336264e+00 1.142259620741042703e+00 2.505654333241833065e+00 -2.119969077851340533e-01 1.429328909491405231e-01 2.553555568910184093e-01 8.101787209099013953e-01 5.094087963239048999e-01
9.537160632980751229e-01 6.309178059760058854e-01 2.292868925863301932e+00 -4.646996926404789452e-02 1.292932103550025191e-01 2.555012010974628822e-01 8.171611429575750263e-01 5.162106165017897874e-01
